0:0,25.57,37.83,0.00 
0:0,25.55,37.67,0.00 
0:1,25.55,37.83,0.00 
0:2,25.55,38.00,0.00 
0:3,25.62,39.17,0.00 
0:4,25.70,39.83,0.00 
0:5,25.72,39.67,0.00 
0:6,25.72,40.00,0.00 
0:7,25.75,39.00,0.00 
0:9,25.93,38.67,0.00 
0:10,25.83,39.67,0.00 
0:11,25.77,39.67,0.00 
0:12,25.77,40.00,0.00 
0:13,25.78,39.33,0.00 
0:14,25.73,39.17,0.00 
0:15,25.77,39.83,0.00 
0:16,25.72,40.00,0.00 
0:17,25.73,40.00,0.00 
0:18,25.75,39.50,0.00 
0:19,25.72,39.83,0.00 
0:20,25.77,40.17,0.00 
0:21,25.72,39.83,0.00 
0:22,25.75,40.00,0.00 
0:23,25.72,40.00,0.00 
0:24,25.72,40.00,0.00 
0:25,25.75,39.33,0.00 
0:26,25.70,38.50,0.00 
0:27,25.68,38.33,0.00 
0:28,25.68,39.50,0.00 
0:29,25.67,40.00,0.00 
0:30,25.67,39.67,0.00 
0:31,25.67,39.83,0.00 
0:32,25.67,40.00,0.00 
0:33,25.72,38.67,0.00 
0:34,25.67,38.33,0.00 
0:35,25.68,38.17,0.00 
0:36,25.63,38.50,0.00 
0:37,25.63,37.50,0.00 
0:38,25.53,37.67,0.00 
0:39,25.60,37.67,0.00 
0:40,25.57,38.67,0.00 
0:41,25.55,38.33,0.00 
0:42,25.52,38.50,0.00 
0:43,25.55,38.67,0.00 
0:44,25.52,38.33,0.00 
0:45,25.53,37.83,0.00 
0:46,25.53,37.83,0.00 
0:47,25.50,37.33,0.00 
0:48,25.48,37.33,0.00 
0:49,25.47,37.67,0.00 
0:50,25.43,37.67,0.00 
0:51,25.43,37.50,0.00 
0:52,25.43,37.83,0.00 
0:53,25.45,37.67,0.00 
0:54,25.43,37.50,0.00 
0:55,25.45,37.50,0.00 
0:56,25.43,37.00,0.00 
0:57,25.45,37.67,0.00 
0:58,25.42,38.67,0.00 
0:59,25.43,39.17,0.00 
1:0,25.43,39.33,0.00 
1:1,25.38,40.00,0.00 
1:2,25.32,40.17,0.00 
1:3,25.35,40.67,0.00 
1:4,25.33,40.50,0.00 
1:5,25.30,40.50,0.00 
1:6,25.30,40.67,0.00 
1:7,25.32,41.33,0.00 
1:8,25.32,40.33,0.00 
1:9,25.37,39.33,0.00 
1:10,25.37,38.83,0.00 
1:11,25.35,38.50,0.00 
1:12,25.38,37.33,0.00 
1:13,25.38,37.67,0.00 
1:14,25.35,37.50,0.00 
1:15,25.37,37.00,0.00 
1:16,25.32,37.00,0.00 
1:17,25.33,36.83,0.00 
1:18,25.32,36.83,0.00 
1:19,25.27,37.17,0.00 
1:20,25.33,36.67,0.00 
1:21,25.30,36.17,0.00 
1:22,25.30,36.50,0.00 
1:23,25.32,36.67,0.00 
1:24,25.30,36.50,0.00 
1:25,25.23,36.17,0.00 
1:26,25.25,36.50,0.00 
1:27,25.25,37.17,0.00 
1:28,25.25,36.83,0.00 
1:29,25.23,37.33,0.00 
1:30,25.18,37.50,0.00 
1:31,25.17,38.00,0.00 
1:32,25.18,37.50,0.00 
1:33,25.18,38.00,0.00 
1:34,25.15,38.33,0.00 
1:35,25.08,39.17,0.00 
1:36,25.03,38.83,0.00 
1:37,25.05,39.33,0.00 
1:38,25.02,39.50,0.00 
1:38,25.03,39.50,0.00 
1:39,25.02,40.00,0.00 
1:40,24.97,40.00,0.00 
1:41,24.92,40.00,0.00 
1:42,24.97,40.50,0.00 
1:43,24.90,40.33,0.00 
1:44,24.87,40.00,0.00 
1:45,24.85,40.00,0.00 
1:46,24.88,40.17,0.00 
1:47,24.87,40.33,0.00 
1:48,24.93,39.83,0.00 
1:49,24.92,39.83,0.00 
1:50,24.95,39.83,0.00 
1:51,24.92,40.00,0.00 
1:52,24.90,39.83,0.00 
1:53,24.92,40.33,0.00 
1:54,24.88,40.33,0.00 
1:55,24.88,40.50,0.00 
1:56,24.85,40.67,0.00 
1:57,24.82,40.67,0.00 
1:58,24.83,40.67,0.00 
1:59,24.85,41.33,0.00 
2:0,24.88,41.50,0.00 
2:1,24.87,41.17,0.00 
2:2,24.83,42.00,0.00 
2:3,24.83,41.67,0.00 
2:4,24.82,41.83,0.00 
2:5,24.80,42.00,0.00 
2:6,24.83,42.17,0.00 
2:7,24.83,41.83,0.00 
2:8,24.82,42.17,0.00 
2:9,24.83,42.33,0.00 
2:10,24.85,41.83,0.00 
2:11,24.80,42.17,0.00 
2:12,24.77,41.83,0.00 
2:13,24.77,41.67,0.00 
2:14,24.75,42.00,0.00 
2:15,24.72,42.00,0.00 
2:16,24.63,42.00,0.00 
2:17,24.57,42.17,0.00 
2:18,24.60,42.50,0.00 
2:19,24.55,43.83,0.00 
2:20,24.47,44.33,0.00 
2:20,24.47,44.33,0.00 
2:21,24.35,44.83,0.00 
2:22,24.30,45.17,0.00 
2:23,24.25,45.00,0.00 
2:24,24.23,45.17,0.00 
2:25,24.23,44.67,0.00 
2:26,24.18,44.67,0.00 
2:27,24.20,45.17,0.00 
2:28,24.15,45.67,0.00 
2:29,24.10,45.33,0.00 
2:30,24.05,45.50,0.00 
2:31,24.00,45.17,0.00 
2:32,23.97,44.67,0.00 
2:33,23.92,44.00,0.00 
2:34,23.90,43.33,0.00 
2:35,23.83,43.17,0.00 
2:36,23.75,43.67,0.00 
2:37,23.77,43.83,0.00 
2:38,23.75,44.67,0.00 
2:39,23.68,44.67,0.00 
2:40,23.63,44.67,0.00 
2:41,23.58,44.50,0.00 
2:42,23.53,44.83,0.00 
2:43,23.52,45.50,0.00 
2:44,23.50,45.83,0.00 
2:45,23.53,46.17,0.00 
2:46,23.52,46.33,0.00 
2:47,23.53,46.50,0.00 
2:48,23.48,46.50,0.00 
2:49,23.50,46.83,0.00 
2:50,23.47,46.67,0.00 
2:51,23.42,46.67,0.00 
2:52,23.40,47.00,0.00 
2:53,23.38,47.00,0.00 
2:54,23.35,47.00,0.00 
2:55,23.32,47.00,0.00 
2:56,23.28,47.50,0.00 
2:57,23.32,47.83,0.00 
2:58,23.27,47.83,0.00 
2:59,23.28,48.17,0.00 
3:0,23.28,48.17,0.00 
3:1,23.23,47.83,0.00 
3:2,23.20,47.83,0.00 
3:3,23.17,47.83,0.00 
3:4,23.13,48.33,0.00 
3:5,23.15,48.17,0.00 
3:6,23.13,48.17,0.00 
3:7,23.13,48.00,0.00 
3:8,23.08,48.50,0.00 
3:9,23.02,48.83,0.00 
3:10,23.10,49.00,0.00 
3:11,23.13,49.50,0.00 
3:12,23.18,49.17,0.00 
3:13,23.27,49.50,0.00 
3:14,23.28,49.17,0.00 
3:15,23.32,49.17,0.00 
3:16,23.35,48.67,0.00 
3:17,23.35,48.83,0.00 
3:18,23.40,48.83,0.00 
3:19,23.45,48.83,0.00 
3:20,23.47,48.83,0.00 
3:21,23.43,49.17,0.00 
3:22,23.45,49.50,0.00 
3:23,23.42,49.67,0.00 
3:24,23.42,49.83,0.00 
3:25,23.43,49.67,0.00 
3:26,23.47,49.33,0.00 
3:27,23.43,49.00,0.00 
3:28,23.45,49.17,0.00 
3:29,23.45,49.17,0.00 
3:30,23.45,49.00,0.00 
3:31,23.47,49.17,0.00 
3:32,23.48,49.00,0.00 
3:33,23.50,48.67,0.00 
3:34,23.48,48.50,0.00 
3:35,23.50,48.67,0.00 
3:36,23.47,48.50,0.00 
3:37,23.48,48.50,0.00 
3:38,23.40,48.50,0.00 
3:38,23.43,48.50,0.00 
3:39,23.48,48.33,0.00 
3:40,23.47,48.33,0.00 
3:41,23.47,48.33,0.00 
3:42,23.48,48.33,0.00 
3:43,23.52,48.00,0.00 
3:44,23.53,48.17,0.00 
3:45,23.43,48.33,0.00 
3:46,23.48,49.00,0.00 
3:47,23.53,48.50,0.00 
3:48,23.58,48.33,0.00 
3:49,23.62,48.17,0.00 
3:50,23.63,48.00,0.00 
3:51,23.65,47.83,0.00 
3:52,23.67,47.83,0.00 
3:53,23.65,47.67,0.00 
3:54,23.65,47.33,0.00 
3:55,23.62,47.33,0.00 
3:56,23.62,47.50,0.00 
3:57,23.57,47.33,0.00 
3:58,23.60,47.50,0.00 
3:59,23.55,47.67,0.00 
4:0,23.53,47.50,0.00 
4:1,23.52,47.83,0.00 
4:2,23.57,48.00,0.00 
4:3,23.52,47.83,0.00 
4:4,23.52,47.67,0.00 
4:5,23.50,47.83,0.00 
4:6,23.47,47.83,0.00 
4:7,23.43,47.83,0.00 
4:8,23.47,48.00,0.00 
4:9,23.47,48.00,0.00 
4:10,23.40,48.00,0.00 
4:11,23.40,48.17,0.00 
4:12,23.38,48.00,0.00 
4:13,23.40,48.17,0.00 
4:14,23.38,48.00,0.00 
4:15,23.37,47.83,0.00 
4:16,23.38,48.00,0.00 
4:17,23.38,48.17,0.00 
4:18,23.37,48.00,0.00 
4:19,23.33,48.00,0.00 
4:20,23.30,48.33,0.00 
4:21,23.30,48.33,0.00 
4:22,23.28,48.33,0.00 
4:23,23.25,48.33,0.00 
4:24,23.25,48.33,0.00 
4:25,23.27,48.33,0.00 
4:26,23.30,48.33,0.00 
4:27,23.32,48.33,0.00 
4:28,23.25,48.33,0.00 
4:29,23.27,48.50,0.00 
4:30,23.25,48.50,0.00 
4:31,23.20,48.50,0.00 
4:32,23.18,48.83,0.00 
4:33,23.15,48.83,0.00 
4:34,23.17,48.67,0.00 
4:35,23.18,48.67,0.00 
4:36,23.15,48.67,0.00 
4:37,23.12,48.67,0.00 
4:38,23.18,48.67,0.00 
4:39,23.18,48.50,0.00 
4:40,23.17,48.67,0.00 
4:41,23.15,48.67,0.00 
4:42,23.17,48.67,0.00 
4:43,23.13,48.50,0.00 
4:44,23.10,48.50,0.00 
4:45,23.12,48.67,0.00 
4:46,23.08,48.67,0.00 
4:47,23.08,48.67,0.00 
4:48,23.03,48.67,0.00 
4:49,23.07,48.67,0.00 
4:50,23.02,48.83,0.00 
4:51,23.05,49.00,0.00 
4:52,23.05,49.00,0.00 
4:53,23.03,49.33,0.00 
4:54,23.05,49.33,0.00 
4:55,23.05,49.33,0.00 
4:56,23.03,49.50,0.00 
4:57,23.00,49.83,0.00 
4:58,22.95,49.83,0.00 
4:59,22.95,49.83,0.00 
5:0,22.93,50.00,0.00 
5:1,22.87,50.17,0.00 
5:2,22.87,50.17,0.00 
5:3,22.82,49.67,0.00 
5:4,22.85,50.00,0.00 
5:5,22.83,49.83,0.00 
5:6,22.85,49.83,0.00 
5:7,22.85,49.83,0.00 
5:8,22.87,49.83,0.00 
5:8,22.90,49.67,0.00 
5:9,22.88,49.67,0.00 
5:10,22.90,49.67,0.00 
5:11,22.88,49.67,0.00 
5:12,22.88,50.00,0.00 
5:13,22.88,50.00,0.00 
5:14,22.88,50.00,0.00 
5:15,22.93,50.00,0.00 
5:16,22.93,50.00,0.00 
5:17,22.90,50.00,0.00 
5:18,22.93,49.67,0.00 
5:19,22.90,49.83,0.00 
5:20,22.88,49.67,0.00 
5:21,22.87,50.00,0.00 
5:22,22.82,50.00,0.00 
5:23,22.87,50.17,0.00 
5:24,22.87,50.00,0.00 
5:25,22.88,50.17,0.00 
5:26,22.88,49.83,0.00 
5:27,22.90,50.17,0.00 
5:28,22.83,50.00,0.00 
5:29,22.82,50.17,0.00 
5:30,22.78,50.33,0.00 
5:31,22.78,50.50,0.00 
5:32,22.82,50.33,0.00 
5:33,22.73,50.33,0.00 
5:34,22.73,50.50,0.00 
5:35,22.77,50.50,0.00 
5:36,22.73,50.50,0.00 
5:37,22.72,50.50,0.00 
5:38,22.75,50.33,0.00 
5:39,22.70,50.67,0.00 
5:40,22.72,50.67,0.00 
5:41,22.68,50.67,0.00 
5:42,22.63,50.50,0.00 
5:43,22.67,50.83,0.00 
5:44,22.60,51.00,0.00 
5:45,22.62,50.83,0.00 
5:46,22.63,50.83,0.00 
5:47,22.58,51.00,0.00 
5:48,22.53,50.83,0.00 
5:49,22.57,51.00,0.00 
5:50,22.58,51.00,0.00 
5:51,22.50,51.00,0.00 
5:52,22.55,51.17,0.00 
5:53,22.57,51.17,0.00 
5:54,22.53,51.00,0.00 
5:55,22.53,51.00,0.00 
5:56,22.53,51.17,0.00 
5:57,22.52,51.00,0.00 
5:58,22.50,51.00,0.00 
5:59,22.47,51.00,0.00 
6:0,22.48,50.83,0.00 
6:1,22.43,51.00,0.00 
6:2,22.43,51.17,0.00 
6:3,22.42,51.17,0.00 
6:4,22.47,51.17,0.00 
6:5,22.42,51.17,0.00 
6:6,22.42,51.33,0.00 
6:7,22.40,51.50,0.00 
6:8,22.42,51.50,0.00 
6:9,22.43,51.67,0.00 
6:10,22.42,51.67,0.00 
6:11,22.42,51.83,0.00 
6:12,22.38,52.00,0.00 
6:13,22.38,52.00,0.00 
6:14,22.45,51.83,0.00 
6:15,22.43,51.83,0.00 
6:16,22.40,51.83,0.00 
6:17,22.40,51.83,0.00 
6:18,22.45,51.83,0.00 
6:19,22.40,51.83,0.00 
6:20,22.38,51.83,0.00 
6:21,22.43,51.83,0.00 
6:22,22.38,51.67,0.00 
6:23,22.40,51.83,0.00 
6:24,22.37,51.50,0.00 
6:25,22.38,51.50,0.00 
6:26,22.40,51.50,0.00 
6:27,22.37,51.50,0.00 
6:28,22.33,51.83,0.00 
6:29,22.35,51.83,0.00 
6:30,22.32,52.00,0.00 
6:31,22.32,52.00,0.00 
6:32,22.32,52.00,0.00 
6:33,22.28,52.00,0.00 
6:34,22.27,52.17,0.00 
6:35,22.30,52.00,0.00 
6:36,22.28,52.17,0.00 
6:37,22.33,52.00,0.00 
6:38,22.37,51.83,0.00 
6:39,22.38,51.83,0.00 
6:40,22.37,51.83,0.00 
6:41,22.32,52.00,0.00 
6:42,22.38,52.00,0.00 
6:43,22.37,52.00,0.00 
6:44,22.35,52.00,0.00 
6:45,22.37,51.83,0.00 
6:46,22.32,51.83,0.00 
6:47,22.30,51.67,0.00 
6:48,22.25,51.83,0.00 
6:49,22.13,51.83,0.00 
6:50,22.17,52.00,0.00 
6:51,22.15,52.00,0.00 
6:52,22.22,52.00,0.00 
6:53,22.22,52.00,0.00 
6:54,22.20,51.83,0.00 
6:55,22.20,52.17,0.00 
6:56,22.17,52.50,0.00 
6:57,22.23,52.17,0.00 
6:58,22.20,52.33,0.00 
6:59,22.18,52.50,0.00 
7:0,22.13,52.50,0.00 
7:1,22.12,52.67,0.00 
7:2,22.17,52.50,0.00 
7:3,22.15,52.67,0.00 
7:4,22.20,52.50,0.00 
7:5,22.18,52.50,0.00 
7:6,22.17,52.67,0.00 
7:7,22.22,52.50,0.00 
7:8,22.20,52.50,0.00 
7:9,22.23,52.50,0.00 
7:10,22.25,52.67,0.00 
7:11,22.22,52.67,0.00 
7:12,22.28,52.50,0.00 
7:13,22.27,52.33,0.00 
7:14,22.28,52.17,0.00 
7:15,22.25,52.17,0.00 
7:16,22.28,51.83,0.00 
7:17,22.30,51.83,0.00 
7:18,22.30,51.67,0.00 
7:19,22.28,51.67,0.00 
7:20,22.25,51.50,0.00 
7:21,22.28,51.50,0.00 
7:22,22.20,51.50,0.00 
7:23,22.18,51.50,0.00 
7:24,22.20,51.67,0.00 
7:25,22.18,51.50,0.00 
7:26,22.18,51.50,0.00 
7:27,22.15,51.67,0.00 
7:28,22.15,51.83,0.00 
7:29,22.13,52.00,0.00 
7:30,22.15,51.83,0.00 
7:31,22.08,52.00,0.00 
7:32,22.07,52.00,0.00 
7:33,22.03,52.00,0.00 
7:34,21.97,52.17,0.00 
7:35,22.00,52.17,0.00 
7:36,21.97,52.17,0.00 
7:37,21.98,52.17,0.00 
7:38,22.03,52.17,0.00 
7:39,22.05,52.17,0.00 
7:40,21.98,52.17,0.00 
7:41,22.03,52.17,0.00 
7:42,22.07,52.33,0.00 
7:43,22.03,52.17,0.00 
7:44,22.05,52.17,0.00 
7:45,22.07,52.33,0.00 
7:46,22.03,52.17,0.00 
7:47,22.05,52.50,0.00 
7:48,22.00,52.83,0.00 
7:49,22.00,52.33,0.00 
7:50,22.03,52.33,0.00 
7:51,22.02,52.17,0.00 
7:52,21.98,52.33,0.00 
7:53,21.95,52.67,0.00 
7:54,21.90,52.67,0.00 
7:55,21.95,52.50,0.00 
7:56,21.95,52.67,0.00 
7:57,21.97,52.67,0.00 
7:58,22.00,52.67,0.00 
7:59,22.00,52.50,0.00 
8:0,21.97,52.33,0.00 
8:1,22.00,52.33,0.00 
8:2,21.98,52.33,0.00 
8:3,22.00,52.67,0.00 
8:4,21.98,52.67,0.00 
8:5,21.95,52.83,0.00 
8:6,21.98,52.67,0.00 
8:7,22.00,52.83,0.00 
8:8,22.00,52.83,0.00 
8:9,21.97,52.67,0.00 
8:10,21.98,52.50,0.00 
8:11,21.97,52.67,0.00 
8:12,21.98,52.50,0.00 
8:13,21.97,52.67,0.00 
8:14,21.95,52.67,0.00 
8:15,21.95,52.83,0.00 
8:16,21.93,52.83,0.00 
8:17,21.93,52.67,0.00 
8:18,21.88,52.83,0.00 
8:19,21.88,52.83,0.00 
8:20,21.87,52.83,0.00 
8:21,21.85,52.83,0.00 
8:22,21.85,52.83,0.00 
8:23,21.87,53.17,0.00 
8:24,21.83,53.17,0.00 
8:25,21.85,53.17,0.00 
8:26,21.88,53.17,0.00 
8:27,21.83,53.17,0.00 
8:28,21.87,52.83,0.00 
8:29,21.92,53.17,0.00 
8:30,21.87,53.00,0.00 
8:31,21.92,52.83,0.00 
8:32,21.93,53.00,0.00 
8:33,21.95,53.17,0.00 
8:34,21.95,53.00,0.00 
8:35,21.95,53.17,0.00 
8:36,21.93,53.17,0.00 
8:37,21.92,53.33,0.00 
8:38,21.92,53.33,0.00 
8:39,21.88,53.33,0.00 
8:40,21.92,53.33,0.00 
8:41,21.88,53.17,0.00 
8:42,21.88,53.33,0.00 
8:43,21.87,53.33,0.00 
8:44,21.87,53.33,0.00 
8:45,21.85,53.33,0.00 
8:46,21.83,53.33,0.00 
8:47,21.87,53.33,0.00 
8:47,21.83,53.33,0.00 
8:48,21.87,53.33,0.00 
8:49,21.87,53.50,0.00 
8:50,21.85,53.50,0.00 
8:51,21.80,53.67,0.00 
8:52,21.82,54.17,0.00 
8:53,21.75,54.17,0.00 
8:54,21.80,54.00,0.00 
8:55,21.82,53.83,0.00 
8:56,21.80,54.17,0.00 
8:57,21.82,54.00,0.00 
8:58,21.78,54.00,0.00 
8:59,21.75,54.33,0.00 
9:0,21.72,54.33,0.00 
9:1,21.68,54.33,0.00 
9:2,21.68,54.50,0.00 
9:3,21.67,54.83,0.00 
9:4,21.67,54.83,0.00 
9:5,21.67,54.83,0.00 
9:6,21.63,54.83,0.00 
9:7,21.62,54.83,0.00 
9:8,21.65,55.00,0.00 
9:9,21.63,55.17,0.00 
9:10,21.63,54.83,0.00 
9:11,21.62,54.83,0.00 
9:12,21.62,54.83,0.00 
9:13,21.58,55.00,0.00 
9:14,21.62,55.00,0.00 
9:15,21.63,54.83,0.00 
9:16,21.65,54.83,0.00 
9:17,21.67,54.83,0.00 
9:18,21.63,54.83,0.00 
9:19,21.67,54.83,0.00 
9:20,21.58,54.67,0.00 
9:21,21.65,54.67,0.00 
9:22,21.62,54.50,0.00 
9:23,21.63,54.33,0.00 
9:24,21.65,54.50,0.00 
9:25,21.68,54.33,0.00 
9:26,21.67,54.17,0.00 
9:27,21.62,54.17,0.00 
9:28,21.67,54.17,0.00 
9:29,21.62,54.00,0.00 
9:30,21.63,54.17,0.00 
9:31,21.57,54.17,0.00 
9:32,21.53,54.17,0.00 
9:33,21.53,54.17,0.00 
9:34,21.50,54.17,0.00 
9:35,21.52,54.00,0.00 
9:36,21.47,54.00,0.00 
9:37,21.48,54.00,0.00 
9:38,21.43,54.00,0.00 
9:39,21.42,54.00,0.00 
9:40,21.42,54.00,0.00 
9:41,21.42,53.83,0.00 
9:42,21.37,53.83,0.00 
9:43,21.38,54.00,0.00 
9:44,21.40,53.67,0.00 
9:45,21.37,53.50,0.00 
9:46,21.38,53.67,0.00 
9:47,21.38,53.67,0.00 
9:48,21.35,53.83,0.00 
9:49,21.37,53.83,0.00 
9:50,21.37,53.83,0.00 
9:51,21.38,53.83,0.00 
9:52,21.35,54.00,0.00 
9:53,21.33,54.17,0.00 
9:54,21.35,54.33,0.00 
9:55,21.37,54.00,0.00 
9:56,21.40,54.00,0.00 
9:57,21.40,54.17,0.00 
9:58,21.38,54.17,0.00 
9:59,21.37,54.33,0.00 
10:0,21.40,54.00,0.00 
10:1,21.40,54.00,0.00 
10:2,21.42,54.17,0.00 
10:3,21.40,54.17,0.00 
10:4,21.33,54.33,0.00 
10:5,21.37,54.33,0.00 
10:5,21.37,54.33,0.00 
10:6,21.33,54.33,0.00 
10:7,21.33,54.33,0.00 
10:8,21.32,54.17,0.00 
10:9,21.28,54.17,0.00 
10:10,21.30,54.33,0.00 
10:11,21.32,54.17,0.00 
10:12,21.33,54.00,0.00 
10:13,21.35,54.00,0.00 
10:14,21.30,54.17,0.00 
10:15,21.28,54.00,0.00 
10:16,21.28,54.00,0.00 
10:17,21.25,54.17,0.00 
10:18,21.23,54.17,0.00 
10:19,21.13,54.17,0.00 
10:20,21.20,54.33,0.00 
10:21,21.15,54.33,0.00 
10:22,21.15,54.50,0.00 
10:23,21.15,54.33,0.00 
10:24,21.17,54.50,0.00 
10:25,21.10,54.50,0.00 
10:26,21.13,54.50,0.00 
10:27,21.15,54.33,0.00 
10:28,21.18,54.67,0.00 
10:29,21.10,54.67,0.00 
10:30,21.18,54.67,0.00 
10:31,21.15,54.50,0.00 
10:32,21.10,54.50,0.00 
10:33,21.08,54.50,0.00 
10:34,21.03,54.00,0.00 
10:35,21.05,54.00,0.00 
10:36,20.98,54.00,0.00 
10:37,20.97,54.50,0.00 
10:38,20.92,54.33,0.00 
10:39,20.88,54.33,0.00 
10:40,20.87,54.00,0.00 
10:41,20.90,54.17,0.00 
10:42,20.88,54.17,0.00 
10:43,20.83,54.33,0.00 
10:44,20.88,54.33,0.00 
10:45,20.85,54.50,0.00 
10:46,20.87,54.33,0.00 
10:47,20.88,54.33,0.00 
10:48,20.80,54.50,0.00 
10:49,20.88,54.50,0.00 
10:50,20.87,54.83,0.00 
10:51,20.92,54.67,0.00 
10:52,20.90,54.83,0.00 
10:53,20.92,54.50,0.00 
10:54,20.92,54.33,0.00 
10:55,20.95,54.50,0.00 
10:56,20.90,54.33,0.00 
10:57,20.93,54.33,0.00 
10:58,20.88,54.33,0.00 
10:59,20.87,54.33,0.00 
11:0,20.93,54.33,0.00 
11:1,20.88,54.33,0.00 
11:2,20.90,54.33,0.00 
11:3,20.88,54.33,0.00 
11:4,20.87,54.67,0.00 
11:5,20.85,54.67,0.00 
11:6,20.88,54.67,0.00 
11:7,20.92,54.50,0.00 
11:8,20.90,54.67,0.00 
11:9,20.95,54.33,0.00 
11:10,20.98,54.17,0.00 
11:11,20.90,54.50,0.00 
11:11,20.92,54.50,0.00 
11:12,20.95,54.50,0.00 
11:13,20.92,54.50,0.00 
11:14,20.88,54.50,0.00 
11:15,20.80,54.67,0.00 
11:16,20.80,54.50,0.00 
11:17,20.80,54.83,0.00 
11:18,20.77,54.67,0.00 
11:19,20.75,54.83,0.00 
11:20,20.78,54.83,0.00 
11:21,20.75,54.67,0.00 
11:22,20.73,54.67,0.00 
11:23,20.75,54.67,0.00 
11:24,20.75,54.67,0.00 
11:25,20.72,54.67,0.00 
11:26,20.75,54.67,0.00 
11:27,20.73,54.67,0.00 
11:28,20.75,54.67,0.00 
11:29,20.78,54.50,0.00 
11:30,20.80,54.50,0.00 
11:31,20.78,54.83,0.00 
11:32,20.77,54.50,0.00 
11:33,20.75,54.67,0.00 
11:34,20.82,54.67,0.00 
11:35,20.78,54.83,0.00 
11:36,20.77,55.00,0.00 
11:37,20.75,55.00,0.00 
11:38,20.77,54.50,0.00 
11:39,20.78,54.50,0.00 
11:40,20.77,54.33,0.00 
11:41,20.75,54.17,0.00 
11:42,20.73,54.33,0.00 
11:43,20.75,54.17,0.00 
11:44,20.73,54.17,0.00 
11:45,20.70,54.17,0.00 
11:46,20.72,54.17,0.00 
11:47,20.68,54.17,0.00 
11:48,20.68,54.00,0.00 
11:49,20.60,54.00,0.00 
11:50,20.60,54.17,0.00 
11:51,20.57,54.17,0.00 
11:52,20.58,54.17,0.00 
11:53,20.60,54.67,0.00 
11:54,20.60,54.50,0.00 
11:55,20.62,54.50,0.00 
11:56,20.63,54.50,0.00 
11:57,20.63,54.50,0.00 
11:58,20.62,54.50,0.00 
11:59,20.65,54.50,0.00 
12:0,20.60,54.33,0.00 
12:1,20.63,54.33,0.00 
12:2,20.57,54.67,0.00 
12:3,20.62,54.67,0.00 
12:4,20.57,54.50,0.00 
12:5,20.55,54.67,0.00 
12:6,20.58,54.67,0.00 
12:7,20.57,54.67,0.00 
12:8,20.55,54.67,0.00 
12:9,20.58,54.67,0.00 
12:10,20.57,54.33,0.00 
12:11,20.60,54.83,0.00 
12:12,20.53,55.00,0.00 
12:13,20.58,55.00,0.00 
12:14,20.52,55.00,0.00 
12:15,20.47,55.00,0.00 
12:16,20.57,55.00,0.00 
12:17,20.53,55.00,0.00 
12:18,20.53,54.67,0.00 
12:19,20.55,54.83,0.00 
12:20,20.58,55.00,0.00 
12:21,20.53,55.00,0.00 
12:22,20.52,55.00,0.00 
12:23,20.55,55.00,0.00 
12:24,20.53,55.00,0.00 
12:25,20.55,55.00,0.00 
12:26,20.60,55.33,0.00 
12:27,20.58,55.33,0.00 
12:28,20.58,55.33,0.00 
12:29,20.60,55.17,0.00 
12:30,20.58,55.00,0.00 
12:31,20.63,55.00,0.00 
12:32,20.60,55.00,0.00 
12:33,20.62,55.00,0.00 
12:34,20.65,55.17,0.00 
12:35,20.62,55.33,0.00 
12:36,20.62,55.17,0.00 
12:37,20.57,55.00,0.00 
12:38,20.58,55.00,0.00 
12:39,20.62,55.00,0.00 
12:40,20.58,55.17,0.00 
12:41,20.57,55.00,0.00 
12:42,20.57,55.00,0.00 
12:43,20.60,55.00,0.00 
12:44,20.55,55.00,0.00 
12:44,20.55,55.00,0.00 
12:45,20.57,55.00,0.00 
12:46,20.60,55.00,0.00 
12:47,20.58,54.83,0.00 
12:48,20.58,54.83,0.00 
12:49,20.58,54.83,0.00 
12:50,20.57,55.00,0.00 
12:51,20.55,54.83,0.00 
12:52,20.58,54.83,0.00 
12:53,20.60,55.17,0.00 
12:54,20.53,55.17,0.00 
12:55,20.55,55.17,0.00 
12:56,20.53,55.17,0.00 
12:57,20.53,55.17,0.00 
12:58,20.50,55.33,0.00 
12:59,20.50,55.17,0.00 
13:0,20.48,55.17,0.00 
13:1,20.52,55.00,0.00 
13:2,20.52,54.83,0.00 
13:3,20.55,55.17,0.00 
13:4,20.57,55.00,0.00 
13:5,20.53,55.00,0.00 
13:6,20.62,55.00,0.00 
13:7,20.63,55.00,0.00 
13:8,20.55,55.00,0.00 
13:9,20.57,55.00,0.00 
13:10,20.53,55.00,0.00 
13:11,20.52,55.00,0.00 
13:12,20.52,54.67,0.00 
13:13,20.50,55.17,0.00 
13:14,20.53,55.00,0.00 
13:15,20.53,54.83,0.00 
13:16,20.55,54.67,0.00 
13:17,20.55,54.67,0.00 
13:18,20.55,54.83,0.00 
13:19,20.52,54.67,0.00 
13:20,20.53,54.83,0.00 
13:21,20.53,54.83,0.00 
13:22,20.58,54.83,0.00 
13:23,20.53,54.83,0.00 
13:24,20.57,54.83,0.00 
13:25,20.52,54.67,0.00 
13:26,20.53,54.67,0.00 
13:27,20.52,54.67,0.00 
13:28,20.55,54.83,0.00 
13:29,20.55,54.67,0.00 
13:30,20.52,54.67,0.00 
13:31,20.50,54.67,0.00 
13:32,20.50,55.00,0.00 
13:33,20.47,55.17,0.00 
13:34,20.47,55.17,0.00 
13:35,20.45,55.33,0.00 
13:36,20.48,55.17,0.00 
13:37,20.45,55.33,0.00 
13:38,20.50,55.50,0.00 
13:39,20.50,55.33,0.00 
13:40,20.47,55.17,0.00 
13:41,20.48,55.33,0.00 
13:42,20.50,55.50,0.00 
13:43,20.47,55.50,0.00 
13:44,20.50,55.50,0.00 
13:45,20.53,55.67,0.00 
13:46,20.50,55.50,0.00 
13:47,20.50,55.33,0.00 
13:48,20.52,55.50,0.00 
13:49,20.52,55.67,0.00 
13:50,20.45,55.50,0.00 
13:51,20.45,55.17,0.00 
13:52,20.45,55.33,0.00 
13:53,20.45,55.17,0.00 
13:54,20.45,55.33,0.00 
13:55,20.48,55.33,0.00 
13:56,20.45,55.33,0.00 
13:57,20.43,55.33,0.00 
13:58,20.40,55.33,0.00 
13:59,20.35,55.50,0.00 
14:0,20.40,55.33,0.00 
14:1,20.38,55.50,0.00 
14:2,20.42,55.33,0.00 
14:3,20.33,55.17,0.00 
14:4,20.38,55.50,0.00 
14:5,20.30,55.33,0.00 
14:6,20.28,55.33,0.00 
14:7,20.28,55.67,0.00 
14:8,20.25,55.33,0.00 
14:9,20.28,55.33,0.00 
14:10,20.25,55.33,0.00 
14:11,20.25,55.33,0.00 
14:12,20.23,55.33,0.00 
14:13,20.25,55.33,0.00 
14:14,20.25,55.17,0.00 
14:15,20.23,55.17,0.00 
14:16,20.28,55.17,0.00 
14:17,20.23,55.33,0.00 
14:18,20.22,55.33,0.00 
14:19,20.22,55.67,0.00 
14:20,20.22,55.67,0.00 
14:20,20.22,55.67,0.00 
14:21,20.20,55.33,0.00 
14:22,20.22,55.50,0.00 
14:23,20.25,55.50,0.00 
14:24,20.27,55.83,0.00 
14:25,20.25,55.67,0.00 
14:26,20.22,55.50,0.00 
14:27,20.22,55.67,0.00 
14:28,20.23,55.33,0.00 
14:29,20.23,55.33,0.00 
14:30,20.27,55.50,0.00 
14:31,20.23,55.50,0.00 
14:32,20.22,55.50,0.00 
14:33,20.25,55.50,0.00 
14:34,20.28,55.33,0.00 
14:35,20.30,55.33,0.00 
14:36,20.28,55.33,0.00 
14:37,20.32,55.50,0.00 
14:38,20.30,55.17,0.00 
14:39,20.28,55.33,0.00 
14:40,20.30,55.17,0.00 
14:41,20.32,55.33,0.00 
14:42,20.30,55.00,0.00 
14:43,20.35,55.17,0.00 
14:44,20.37,54.83,0.00 
14:45,20.33,55.00,0.00 
14:46,20.35,54.83,0.00 
14:47,20.35,54.83,0.00 
14:48,20.35,54.83,0.00 
14:49,20.32,55.17,0.00 
14:50,20.27,55.17,0.00 
14:51,20.32,55.00,0.00 
14:52,20.25,55.17,0.00 
14:53,20.23,55.00,0.00 
14:54,20.23,55.17,0.00 
14:55,20.23,55.17,0.00 
14:56,20.23,55.17,0.00 
14:57,20.25,55.17,0.00 
14:58,20.23,55.17,0.00 
14:59,20.23,55.17,0.00 
15:0,20.23,55.17,0.00 
15:1,20.23,55.00,0.00 
15:2,20.25,55.17,0.00 
15:3,20.25,55.00,0.00 
15:4,20.27,54.83,0.00 
15:5,20.25,54.83,0.00 
15:6,20.23,54.83,0.00 
15:7,20.25,55.00,0.00 
15:8,20.25,55.00,0.00 
15:9,20.23,54.83,0.00 
15:10,20.23,55.00,0.00 
15:11,20.20,54.67,0.00 
15:12,20.20,54.83,0.00 
15:13,20.22,54.67,0.00 
15:14,20.20,54.67,0.00 
15:15,20.20,54.67,0.00 
15:16,20.22,54.83,0.00 
15:17,20.22,55.00,0.00 
15:18,20.20,55.00,0.00 
15:19,20.17,55.17,0.00 
15:20,20.17,55.00,0.00 
15:21,20.20,55.00,0.00 
15:22,20.17,55.00,0.00 
15:23,20.18,54.83,0.00 
15:24,20.18,55.17,0.00 
15:25,20.25,54.83,0.00 
15:26,20.25,54.67,0.00 
15:27,20.20,54.83,0.00 
15:28,20.23,54.83,0.00 
15:29,20.25,54.67,0.00 
15:30,20.20,54.67,0.00 
15:31,20.20,55.00,0.00 
15:32,20.20,54.67,0.00 
15:33,20.27,54.67,0.00 
15:34,20.23,54.83,0.00 
15:35,20.22,54.83,0.00 
15:36,20.18,55.00,0.00 
15:37,20.23,54.83,0.00 
15:38,20.17,55.00,0.00 
15:39,20.15,55.17,0.00 
15:40,20.12,55.17,0.00 
15:41,20.12,55.17,0.00 
15:42,20.08,55.33,0.00 
15:43,20.08,55.33,0.00 
15:44,20.05,55.33,0.00 
15:45,20.00,55.33,0.00 
15:46,20.00,55.33,0.00 
15:47,19.98,55.33,0.00 
15:48,19.98,55.33,0.00 
15:49,19.95,55.33,0.00 
15:50,19.90,55.33,0.00 
15:51,19.90,55.33,0.00 
15:52,19.90,55.33,0.00 
15:53,19.92,55.33,0.00 
15:54,19.92,55.50,0.00 
15:55,19.85,55.50,0.00 
15:56,19.90,55.50,0.00 
15:57,19.90,55.50,0.00 
15:58,19.87,55.50,0.00 
15:59,19.90,55.50,0.00 
16:0,19.92,55.50,0.00 
16:1,19.92,55.33,0.00 
16:2,19.90,55.33,0.00 
16:3,19.88,55.50,0.00 
16:4,19.87,55.33,0.00 
16:5,19.85,55.67,0.00 
16:6,19.87,55.67,0.00 
16:7,19.87,55.33,0.00 
16:8,19.87,55.50,0.00 
16:9,19.88,55.33,0.00 
16:10,19.82,55.33,0.00 
16:11,19.88,55.33,0.00 
16:12,19.88,55.33,0.00 
16:13,19.83,55.33,0.00 
16:14,19.82,55.50,0.00 
16:14,19.80,55.50,0.00 
16:15,19.85,55.33,0.00 
16:16,19.85,55.67,0.00 
16:17,19.88,55.67,0.00 
16:18,19.85,55.50,0.00 
16:19,19.85,55.67,0.00 
16:20,19.83,55.50,0.00 
16:21,19.83,55.50,0.00 
16:22,19.83,55.50,0.00 
16:23,19.83,55.33,0.00 
16:24,19.80,55.33,0.00 
16:25,19.78,55.50,0.00 
16:26,19.75,55.67,0.00 
16:27,19.78,55.50,0.00 
16:28,19.80,55.50,0.00 
16:29,19.72,55.67,0.00 
16:30,19.73,55.67,0.00 
16:31,19.72,55.67,0.00 
16:32,19.75,55.67,0.00 
16:33,19.77,55.50,0.00 
16:34,19.78,55.50,0.00 
16:35,19.80,55.33,0.00 
16:36,19.87,55.50,0.00 
16:37,19.83,55.50,0.00 
16:38,19.80,55.33,0.00 
16:39,19.83,55.50,0.00 
16:40,19.78,55.50,0.00 
16:41,19.78,55.67,0.00 
16:42,19.80,55.67,0.00 
16:43,19.77,55.67,0.00 
16:44,19.78,55.67,0.00 
16:45,19.80,55.83,0.00 
16:46,19.80,55.83,0.00 
16:47,19.82,55.83,0.00 
16:48,19.77,56.00,0.00 
16:49,19.73,56.00,0.00 
16:50,19.75,56.00,0.00 
16:51,19.72,56.00,0.00 
16:52,19.68,55.83,0.00 
16:53,19.68,55.83,0.00 
16:54,19.68,55.83,0.00 
16:55,19.62,56.00,0.00 
16:56,19.65,56.00,0.00 
16:57,19.65,56.17,0.00 
16:58,19.67,56.00,0.00 
16:59,19.65,56.33,0.00 
17:0,19.63,56.17,0.00 
17:1,19.63,56.17,0.00 
17:2,19.60,56.17,0.00 
17:3,19.67,56.17,0.00 
17:4,19.62,56.33,0.00 
17:5,19.70,56.17,0.00 
17:5,19.67,56.17,0.00 
17:6,19.60,56.33,0.00 
17:7,19.58,56.50,0.00 
17:8,19.58,56.50,0.00 
17:9,19.63,56.50,0.00 
17:10,19.60,56.50,0.00 
17:11,19.65,56.50,0.00 
17:12,19.65,56.67,0.00 
17:13,19.65,56.50,0.00 
17:14,19.72,56.50,0.00 
17:15,19.67,56.83,0.00 
17:16,19.70,56.67,0.00 
17:17,19.70,56.83,0.00 
17:18,19.77,56.83,0.00 
17:19,19.68,57.17,0.00 
17:20,19.68,57.17,0.00 
17:21,19.73,57.17,0.00 
17:22,19.73,56.83,0.00 
17:23,19.75,57.00,0.00 
17:24,19.77,57.17,0.00 
17:25,19.80,57.00,0.00 
17:26,19.83,57.33,0.00 
17:27,19.88,57.50,0.00 
17:28,19.92,57.50,0.00 
17:29,19.92,57.00,0.00 
17:30,19.97,57.17,0.00 
17:31,20.03,57.17,0.00 
17:32,20.03,57.17,0.00 
17:33,20.07,57.00,0.00 
17:34,20.05,57.17,0.00 
17:35,20.05,57.00,0.00 
17:36,20.08,56.83,0.00 
17:37,20.17,56.67,0.00 
17:38,20.23,56.33,0.00 
17:39,20.20,56.33,0.00 
17:40,20.20,56.33,0.00 
17:41,20.20,56.33,0.00 
17:42,20.17,56.50,0.00 
17:43,20.23,56.67,0.00 
17:44,20.23,56.83,0.00 
17:45,20.22,56.83,0.00 
17:46,20.25,56.50,0.00 
17:47,20.27,56.50,0.00 
17:48,20.27,55.83,0.00 
17:49,20.32,55.83,0.00 
17:50,20.35,55.67,0.00 
17:51,20.30,55.67,0.00 
17:52,20.37,55.50,0.00 
17:53,20.38,55.33,0.00 
17:54,20.38,55.50,0.00 
17:55,20.35,55.50,0.00 
17:56,20.32,55.33,0.00 
17:57,20.35,55.33,0.00 
17:58,20.33,55.33,0.00 
17:59,20.28,55.67,0.00 
18:0,20.32,55.33,0.00 
18:1,20.33,55.50,0.00 
18:2,20.35,55.50,0.00 
18:3,20.30,55.33,0.00 
18:4,20.37,55.50,0.00 
18:5,20.38,55.50,0.00 
18:6,20.35,55.50,0.00 
18:7,20.35,55.50,0.00 
18:8,20.40,55.50,0.00 
18:9,20.37,55.50,0.00 
18:10,20.38,55.50,0.00 
18:11,20.42,55.50,0.00 
18:12,20.43,55.67,0.00 
18:13,20.47,55.50,0.00 
18:14,20.50,55.50,0.00 
18:15,20.50,55.67,0.00 
18:16,20.58,55.67,0.00 
18:17,20.57,55.67,0.00 
18:17,20.60,55.67,0.00 
18:18,20.63,55.67,0.00 
18:19,20.67,55.67,0.00 
18:20,20.68,55.50,0.00 
18:21,20.75,55.33,0.00 
18:22,20.70,55.33,0.00 
18:23,20.77,55.33,0.00 
18:24,20.75,55.17,0.00 
18:25,20.78,55.17,0.00 
18:26,20.82,55.17,0.00 
18:27,20.85,55.00,0.00 
18:28,20.85,54.83,0.00 
18:29,20.88,54.83,0.00 
18:30,20.97,54.83,0.00 
18:31,21.02,55.00,0.00 
18:32,21.03,54.83,0.00 
18:33,21.07,54.83,0.00 
18:34,21.07,55.00,0.00 
18:35,21.12,54.83,0.00 
18:36,21.08,54.83,0.00 
18:37,21.20,54.50,0.00 
18:38,21.20,55.00,0.00 
18:39,21.23,54.67,0.00 
18:40,21.27,54.50,0.00 
18:41,21.30,54.17,0.00 
18:42,21.32,54.00,0.00 
18:43,21.35,54.00,0.00 
18:44,21.40,53.83,0.00 
18:45,21.42,53.67,0.00 
18:46,21.48,53.67,0.00 
18:47,21.48,53.17,0.00 
18:48,21.47,53.17,0.00 
18:49,21.48,53.17,0.00 
18:50,21.47,53.33,0.00 
18:51,21.45,53.50,0.00 
18:52,21.48,53.17,0.00 
18:53,21.50,53.50,0.00 
18:54,21.55,53.67,0.00 
18:55,21.53,53.50,0.00 
18:56,21.55,53.17,0.00 
18:57,21.60,52.83,0.00 
18:58,21.62,53.00,0.00 
18:59,21.60,53.00,0.00 
19:1,21.47,54.50,0.00 
19:2,21.60,54.33,0.00 
19:3,21.72,53.83,0.00 
19:4,21.88,53.50,0.00 
19:5,21.97,52.83,0.00 
19:6,22.02,52.33,0.00 
19:7,22.05,52.17,0.00 
19:8,22.15,52.17,0.00 
19:9,22.18,51.83,0.00 
19:10,22.22,51.67,0.00 
19:11,22.25,51.50,0.00 
19:12,22.32,51.33,0.00 
19:13,22.37,51.50,0.00 
19:14,22.37,51.00,0.00 
19:15,22.37,50.83,0.00 
19:16,22.38,50.67,0.00 
19:17,22.40,50.33,0.00 
19:18,22.40,50.00,0.00 
19:19,22.37,49.50,0.00 
19:20,22.35,49.67,0.00 
19:21,22.28,49.50,0.00 
19:22,22.32,50.00,0.00 
