20:37,23.22,61.33,0.00 
20:38,23.28,61.33,0.00 
20:41,23.65,60.33,0.00 
20:44,23.73,59.67,0.00 
20:45,23.75,59.67,0.00 
20:46,23.73,59.50,0.00 
20:47,23.63,59.50,0.00 
20:48,23.67,59.50,0.00 
20:49,23.57,59.67,0.00 
20:50,23.62,59.67,0.00 
20:51,23.57,59.33,0.00 
20:52,23.67,59.83,0.00 
20:53,23.73,59.67,0.00 
20:54,23.80,59.50,0.00 
20:55,23.72,59.33,0.00 
20:56,23.77,59.33,0.00 
20:57,23.75,59.67,0.00 
20:58,23.73,59.50,0.00 
20:59,23.80,59.50,0.00 
21:0,23.75,59.50,0.00 
21:1,23.72,59.33,0.00 
21:2,23.78,59.33,0.00 
21:3,23.85,59.33,0.00 
21:4,23.77,59.33,0.00 
21:5,23.80,59.33,0.00 
21:6,23.83,59.33,0.00 
21:7,23.82,59.33,0.00 
21:8,23.75,59.17,0.00 
21:9,23.73,59.33,0.00 
21:10,23.70,59.33,0.00 
21:11,23.72,59.33,0.00 
21:12,23.68,59.00,0.00 
21:13,23.73,59.33,0.00 
21:14,23.73,59.33,0.00 
21:15,23.77,59.00,0.00 
21:16,23.63,59.17,0.00 
21:17,23.63,59.50,0.00 
21:18,23.63,59.17,0.00 
21:19,23.60,59.00,0.00 
21:20,23.57,59.00,0.00 
21:21,23.57,59.00,0.00 
21:22,23.57,59.33,0.00 
21:23,23.52,59.33,0.00 
21:24,23.50,59.33,0.00 
21:25,23.53,59.17,0.00 
21:26,23.57,59.17,0.00 
21:27,23.58,59.17,0.00 
21:28,23.57,59.33,0.00 
21:29,23.55,59.67,0.00 
21:30,23.62,59.17,0.00 
21:31,23.63,59.50,0.00 
21:32,23.62,59.50,0.00 
21:33,23.58,59.50,0.00 
21:34,23.57,59.50,0.00 
21:35,23.55,59.50,0.00 
21:36,23.52,59.50,0.00 
21:37,23.52,59.50,0.00 
21:38,23.48,59.50,0.00 
21:39,23.48,59.50,0.00 
21:40,23.48,59.17,0.00 
21:41,23.45,59.33,0.00 
21:42,23.42,59.67,0.00 
21:43,23.47,59.50,0.00 
21:44,23.42,59.67,0.00 
21:45,23.43,59.50,0.00 
21:46,23.42,59.50,0.00 
21:47,23.40,59.33,0.00 
21:48,23.35,59.50,0.00 
21:49,23.40,59.33,0.00 
21:50,23.37,59.00,0.00 
21:51,23.35,58.83,0.00 
21:52,23.37,59.33,0.00 
21:53,23.37,59.50,0.00 
21:54,23.37,59.33,0.00 
21:55,23.33,59.50,0.00 
21:56,23.32,59.33,0.00 
21:57,23.38,59.17,0.00 
21:58,23.43,59.33,0.00 
21:59,23.42,59.00,0.00 
22:0,23.45,59.17,0.00 
22:1,23.53,59.17,0.00 
22:2,23.53,59.17,0.00 
22:3,23.52,59.17,0.00 
22:4,23.52,59.00,0.00 
22:5,23.53,59.17,0.00 
22:6,23.52,59.17,0.00 
22:7,23.47,59.50,0.00 
22:8,23.42,59.50,0.00 
22:9,23.43,59.50,0.00 
22:10,23.43,59.67,0.00 
22:11,23.47,59.33,0.00 
22:12,23.42,59.50,0.00 
22:13,23.40,59.50,0.00 
22:14,23.33,59.33,0.00 
22:15,23.27,59.33,0.00 
22:16,23.18,59.17,0.00 
22:17,23.18,59.83,0.00 
22:18,23.15,59.83,0.00 
22:19,23.20,60.00,0.00 
22:20,23.23,59.50,0.00 
22:21,23.23,59.50,0.00 
22:22,23.22,59.67,0.00 
22:23,23.20,59.67,0.00 
22:24,23.18,59.83,0.00 
22:25,23.17,59.67,0.00 
22:26,23.17,59.67,0.00 
22:27,23.18,59.67,0.00 
22:28,23.18,60.00,0.00 
22:29,23.18,60.00,0.00 
22:30,23.20,59.67,0.00 
22:31,23.18,59.50,0.00 
22:32,23.17,59.50,0.00 
22:33,23.17,59.50,0.00 
22:34,23.15,59.50,0.00 
22:35,23.18,59.50,0.00 
22:36,23.13,59.50,0.00 
22:37,23.08,59.67,0.00 
22:38,23.07,59.83,0.00 
22:39,23.05,60.00,0.00 
22:40,23.00,60.00,0.00 
22:41,23.03,60.33,0.00 
22:42,23.03,60.00,0.00 
22:43,23.05,60.17,0.00 
22:44,23.00,60.00,0.00 
22:45,22.95,60.00,0.00 
22:46,22.93,60.17,0.00 
22:47,22.93,60.00,0.00 
22:48,22.97,60.00,0.00 
22:49,22.97,60.00,0.00 
22:50,22.97,60.00,0.00 
22:51,22.95,60.00,0.00 
22:52,22.98,60.17,0.00 
22:53,23.00,60.17,0.00 
22:54,22.97,60.00,0.00 
22:55,22.92,60.00,0.00 
22:56,22.88,60.00,0.00 
22:57,22.88,60.33,0.00 
22:58,22.93,59.83,0.00 
22:59,22.90,60.17,0.00 
23:0,22.93,60.17,0.00 
23:1,22.97,60.00,0.00 
23:2,22.92,59.83,0.00 
23:3,22.85,59.83,0.00 
23:4,22.82,60.00,0.00 
23:5,22.85,60.00,0.00 
23:6,22.87,59.83,0.00 
23:7,22.92,59.83,0.00 
23:8,22.85,59.83,0.00 
23:9,22.82,59.67,0.00 
23:10,22.80,59.83,0.00 
23:11,22.80,59.83,0.00 
23:12,22.80,59.67,0.00 
23:13,22.85,59.83,0.00 
23:14,22.80,59.67,0.00 
23:15,22.78,59.83,0.00 
23:16,22.87,59.83,0.00 
23:17,22.85,60.00,0.00 
23:18,22.93,60.00,0.00 
23:19,22.95,59.83,0.00 
23:20,22.93,59.67,0.00 
23:21,22.97,59.67,0.00 
23:22,22.93,59.83,0.00 
23:23,22.95,59.83,0.00 
23:24,23.03,59.83,0.00 
23:25,23.00,59.83,0.00 
23:26,23.02,60.00,0.00 
23:27,23.02,59.83,0.00 
23:28,22.98,60.00,0.00 
23:29,22.98,59.67,0.00 
23:30,23.03,59.17,0.00 
23:31,23.00,59.17,0.00 
23:32,23.00,59.17,0.00 
23:33,22.97,59.33,0.00 
23:34,22.90,59.00,0.00 
23:35,22.87,59.00,0.00 
23:36,22.82,59.17,0.00 
23:37,22.85,59.00,0.00 
23:38,22.78,59.17,0.00 
23:39,22.73,59.17,0.00 
23:40,22.68,59.50,0.00 
23:41,22.67,59.83,0.00 
23:42,22.70,59.67,0.00 
23:43,22.72,59.67,0.00 
23:44,22.73,59.67,0.00 
23:45,22.77,59.83,0.00 
23:46,22.75,59.83,0.00 
23:47,22.87,59.83,0.00 
23:48,22.92,59.83,0.00 
23:49,22.93,59.50,0.00 
23:50,22.85,59.50,0.00 
23:51,22.83,59.83,0.00 
23:52,22.83,59.33,0.00 
23:53,22.83,59.17,0.00 
23:54,22.78,59.50,0.00 
23:55,22.80,59.50,0.00 
23:56,22.75,59.17,0.00 
23:57,22.75,59.17,0.00 
23:58,22.70,59.17,0.00 
23:59,22.70,59.33,0.00 
0:0,22.70,59.50,0.00 
0:1,22.68,59.50,0.00 
0:2,22.72,59.50,0.00 
0:3,22.67,59.33,0.00 
0:4,22.72,59.33,0.00 
0:5,22.72,59.33,0.00 
0:6,22.72,59.17,0.00 
0:7,22.72,59.33,0.00 
0:8,22.72,59.50,0.00 
0:9,22.72,59.67,0.00 
0:10,22.67,59.50,0.00 
0:11,22.68,59.50,0.00 
0:12,22.67,59.50,0.00 
0:13,22.68,59.67,0.00 
0:14,22.72,59.67,0.00 
0:15,22.67,59.50,0.00 
0:16,22.72,59.33,0.00 
0:17,22.65,59.33,0.00 
0:18,22.67,59.50,0.00 
0:19,22.68,59.33,0.00 
0:20,22.70,59.33,0.00 
0:21,22.70,59.33,0.00 
0:22,22.70,59.33,0.00 
0:23,22.67,59.17,0.00 
0:24,22.65,59.17,0.00 
0:25,22.60,59.00,0.00 
0:26,22.60,59.17,0.00 
0:27,22.60,59.33,0.00 
0:28,22.53,59.33,0.00 
0:29,22.55,59.50,0.00 
0:30,22.57,59.33,0.00 
0:31,22.58,59.50,0.00 
0:32,22.62,59.67,0.00 
0:33,22.65,59.50,0.00 
0:34,22.62,59.83,0.00 
0:35,22.68,59.50,0.00 
0:36,22.62,59.67,0.00 
0:37,22.65,59.50,0.00 
0:38,22.62,59.50,0.00 
0:39,22.65,59.67,0.00 
0:40,22.62,59.50,0.00 
0:41,22.65,59.67,0.00 
0:42,22.65,59.83,0.00 
0:43,22.65,59.67,0.00 
0:44,22.67,59.50,0.00 
0:45,22.62,59.50,0.00 
0:46,22.63,59.50,0.00 
0:47,22.58,59.67,0.00 
0:48,22.60,59.67,0.00 
0:49,22.50,59.67,0.00 
0:50,22.57,59.50,0.00 
0:51,22.55,59.67,0.00 
0:52,22.55,59.67,0.00 
0:53,22.60,59.67,0.00 
0:54,22.63,59.50,0.00 
0:55,22.70,59.33,0.00 
0:56,22.62,59.33,0.00 
0:57,22.60,59.33,0.00 
0:58,22.55,59.33,0.00 
0:59,22.55,59.67,0.00 
1:0,22.57,59.50,0.00 
1:1,22.52,59.83,0.00 
1:2,22.55,60.00,0.00 
1:3,22.57,59.83,0.00 
1:4,22.55,60.17,0.00 
1:5,22.50,60.00,0.00 
1:6,22.55,60.00,0.00 
1:7,22.55,60.00,0.00 
1:8,22.57,59.83,0.00 
1:9,22.57,60.00,0.00 
1:10,22.55,60.00,0.00 
1:11,22.57,60.00,0.00 
1:12,22.57,60.00,0.00 
1:13,22.55,60.00,0.00 
1:14,22.50,60.17,0.00 
1:15,22.53,60.17,0.00 
1:16,22.57,59.83,0.00 
1:17,22.53,60.00,0.00 
1:18,22.53,59.67,0.00 
1:19,22.57,59.67,0.00 
1:20,22.52,59.67,0.00 
1:21,22.47,59.33,0.00 
1:22,22.45,59.17,0.00 
1:23,22.42,59.00,0.00 
1:24,22.37,59.00,0.00 
1:25,22.35,59.17,0.00 
1:26,22.32,59.67,0.00 
1:27,22.27,59.83,0.00 
1:28,22.28,59.83,0.00 
1:29,22.28,60.17,0.00 
1:30,22.32,60.00,0.00 
1:31,22.30,60.17,0.00 
1:32,22.37,60.17,0.00 
1:33,22.35,60.00,0.00 
1:34,22.32,59.83,0.00 
1:35,22.37,59.83,0.00 
1:36,22.33,59.67,0.00 
1:37,22.32,59.67,0.00 
1:38,22.27,59.83,0.00 
1:39,22.28,59.83,0.00 
1:40,22.32,60.17,0.00 
1:41,22.38,60.33,0.00 
1:42,22.30,60.17,0.00 
1:43,22.33,60.17,0.00 
1:44,22.30,60.33,0.00 
1:45,22.33,60.33,0.00 
1:46,22.32,60.17,0.00 
1:47,22.28,60.17,0.00 
1:48,22.25,60.00,0.00 
1:49,22.25,60.00,0.00 
1:50,22.20,59.67,0.00 
1:51,22.18,60.00,0.00 
1:52,22.22,60.33,0.00 
1:53,22.28,60.00,0.00 
1:54,22.30,60.17,0.00 
1:55,22.30,60.17,0.00 
1:56,22.32,60.17,0.00 
1:57,22.35,60.50,0.00 
1:58,22.38,60.33,0.00 
1:59,22.38,60.17,0.00 
2:0,22.37,60.00,0.00 
2:1,22.38,60.33,0.00 
2:2,22.37,60.67,0.00 
2:3,22.40,60.67,0.00 
2:4,22.35,60.67,0.00 
2:5,22.40,60.33,0.00 
2:6,22.37,60.50,0.00 
2:7,22.32,60.67,0.00 
2:8,22.32,60.33,0.00 
2:9,22.32,60.67,0.00 
2:10,22.32,60.67,0.00 
2:11,22.22,60.67,0.00 
2:12,22.25,60.67,0.00 
2:13,22.22,60.33,0.00 
2:14,22.17,60.17,0.00 
2:15,22.13,60.50,0.00 
2:16,22.10,60.33,0.00 
2:17,22.10,60.33,0.00 
2:18,22.08,60.50,0.00 
2:19,22.13,60.50,0.00 
2:20,22.17,60.50,0.00 
2:21,22.15,60.50,0.00 
2:22,22.10,60.67,0.00 
2:23,22.08,60.33,0.00 
2:24,22.05,60.33,0.00 
2:25,22.05,60.33,0.00 
2:26,22.07,60.33,0.00 
2:27,22.05,60.50,0.00 
2:28,22.02,60.33,0.00 
2:29,22.08,59.83,0.00 
2:30,22.08,59.83,0.00 
2:31,22.10,59.83,0.00 
2:32,22.08,59.67,0.00 
2:33,22.07,60.00,0.00 
2:34,22.03,60.00,0.00 
2:35,22.07,60.17,0.00 
2:36,22.05,59.83,0.00 
2:37,22.08,60.00,0.00 
2:38,22.05,60.17,0.00 
2:39,22.05,60.33,0.00 
2:40,22.07,60.50,0.00 
2:41,22.15,60.33,0.00 
2:42,22.17,60.50,0.00 
2:43,22.30,60.33,0.00 
2:44,22.30,60.17,0.00 
2:45,22.32,60.17,0.00 
2:46,22.23,60.50,0.00 
2:47,22.25,60.17,0.00 
2:48,22.27,60.50,0.00 
2:49,22.22,60.50,0.00 
2:50,22.28,60.33,0.00 
2:51,22.25,60.33,0.00 
2:52,22.25,60.17,0.00 
2:53,22.25,60.17,0.00 
2:54,22.25,60.00,0.00 
2:55,22.22,60.00,0.00 
2:56,22.22,59.83,0.00 
2:57,22.17,59.83,0.00 
2:58,22.15,60.33,0.00 
2:59,22.12,60.33,0.00 
3:0,22.07,60.33,0.00 
3:1,22.12,60.33,0.00 
3:2,22.13,60.50,0.00 
3:3,22.13,60.33,0.00 
3:4,22.13,60.33,0.00 
3:5,22.18,60.50,0.00 
3:6,22.20,60.17,0.00 
3:7,22.22,60.17,0.00 
3:8,22.15,59.83,0.00 
3:9,22.12,60.00,0.00 
3:10,22.07,59.50,0.00 
3:11,22.05,59.83,0.00 
3:12,22.00,59.67,0.00 
3:13,21.98,59.83,0.00 
3:14,21.97,59.83,0.00 
3:15,21.98,60.17,0.00 
3:16,21.92,60.00,0.00 
3:17,22.00,59.83,0.00 
3:18,21.97,59.67,0.00 
3:19,21.95,59.50,0.00 
3:20,21.97,59.67,0.00 
3:21,21.93,59.83,0.00 
3:22,21.90,59.83,0.00 
3:23,21.88,59.83,0.00 
3:24,21.90,60.00,0.00 
3:25,21.80,59.83,0.00 
3:26,21.82,60.33,0.00 
3:27,21.80,60.33,0.00 
3:28,21.77,60.17,0.00 
3:29,21.78,60.50,0.00 
3:30,21.78,60.17,0.00 
3:31,21.80,60.50,0.00 
3:32,21.82,60.17,0.00 
3:33,21.77,60.17,0.00 
3:34,21.78,60.00,0.00 
3:35,21.83,60.00,0.00 
3:36,21.83,60.00,0.00 
3:37,21.82,60.00,0.00 
3:38,21.83,60.00,0.00 
3:39,21.83,60.00,0.00 
3:40,21.90,60.00,0.00 
3:41,21.88,60.00,0.00 
3:42,21.88,60.17,0.00 
3:43,21.88,60.17,0.00 
3:44,21.90,60.00,0.00 
3:45,21.92,59.83,0.00 
3:46,21.93,60.00,0.00 
3:47,21.92,60.17,0.00 
3:48,21.90,60.17,0.00 
3:49,21.97,60.33,0.00 
3:50,21.95,60.33,0.00 
3:51,21.98,60.17,0.00 
3:52,22.07,60.33,0.00 
3:53,22.13,60.17,0.00 
3:54,22.22,60.00,0.00 
3:55,22.23,59.83,0.00 
3:56,22.25,60.00,0.00 
3:57,22.25,60.00,0.00 
3:58,22.20,60.00,0.00 
3:59,22.18,60.00,0.00 
4:0,22.17,60.00,0.00 
4:1,22.18,59.83,0.00 
4:2,22.13,59.83,0.00 
4:3,22.07,60.00,0.00 
4:4,22.10,59.83,0.00 
4:5,22.08,59.50,0.00 
4:6,22.05,59.50,0.00 
4:7,22.00,59.33,0.00 
4:8,21.98,59.33,0.00 
4:9,21.88,59.33,0.00 
4:10,21.92,60.00,0.00 
4:11,21.92,60.17,0.00 
4:12,21.92,60.17,0.00 
4:13,21.87,60.17,0.00 
4:14,21.87,60.17,0.00 
4:15,21.90,60.17,0.00 
4:16,21.85,60.33,0.00 
4:17,21.87,59.83,0.00 
4:18,21.87,59.83,0.00 
4:19,21.80,60.00,0.00 
4:20,21.82,60.00,0.00 
4:21,21.80,59.83,0.00 
4:22,21.80,59.83,0.00 
4:23,21.83,60.00,0.00 
4:24,21.85,59.83,0.00 
4:25,21.77,60.00,0.00 
4:26,21.78,59.67,0.00 
4:27,21.80,59.83,0.00 
4:28,21.82,59.67,0.00 
4:29,21.78,59.67,0.00 
4:30,21.77,59.67,0.00 
4:31,21.77,59.67,0.00 
4:32,21.72,59.50,0.00 
4:33,21.75,59.33,0.00 
4:34,21.70,59.50,0.00 
4:35,21.67,59.33,0.00 
4:36,21.62,59.17,0.00 
4:37,21.62,59.17,0.00 
4:38,21.58,59.50,0.00 
4:39,21.53,59.50,0.00 
4:40,21.50,59.67,0.00 
4:41,21.48,59.83,0.00 
4:42,21.52,60.00,0.00 
4:43,21.48,60.17,0.00 
4:44,21.48,60.17,0.00 
4:45,21.47,60.50,0.00 
4:46,21.55,60.33,0.00 
4:47,21.58,60.50,0.00 
4:48,21.58,60.67,0.00 
4:49,21.60,60.50,0.00 
4:50,21.67,60.17,0.00 
4:51,21.67,59.83,0.00 
4:52,21.68,59.67,0.00 
4:53,21.58,59.67,0.00 
4:54,21.60,60.33,0.00 
4:55,21.57,60.00,0.00 
4:56,21.60,60.00,0.00 
4:57,21.60,60.33,0.00 
4:58,21.55,60.33,0.00 
4:59,21.62,60.33,0.00 
5:0,21.53,60.00,0.00 
5:1,21.47,60.33,0.00 
5:2,21.43,60.50,0.00 
5:3,21.47,60.50,0.00 
5:4,21.50,60.33,0.00 
5:5,21.53,60.33,0.00 
5:6,21.50,60.33,0.00 
5:7,21.45,60.33,0.00 
5:8,21.43,60.33,0.00 
5:9,21.47,60.33,0.00 
5:10,21.35,60.50,0.00 
5:11,21.30,60.67,0.00 
5:12,21.35,60.67,0.00 
5:13,21.32,60.67,0.00 
5:14,21.33,60.67,0.00 
5:15,21.35,60.50,0.00 
5:16,21.35,60.67,0.00 
5:17,21.35,60.33,0.00 
5:18,21.33,60.50,0.00 
5:19,21.35,60.00,0.00 
5:20,21.43,60.33,0.00 
5:21,21.48,60.17,0.00 
5:22,21.40,60.17,0.00 
5:23,21.38,60.17,0.00 
5:24,21.43,60.33,0.00 
5:25,21.43,60.33,0.00 
5:26,21.42,60.17,0.00 
5:27,21.45,60.00,0.00 
5:28,21.42,60.00,0.00 
5:29,21.42,60.00,0.00 
5:30,21.45,60.00,0.00 
5:31,21.40,60.17,0.00 
5:32,21.40,60.50,0.00 
5:33,21.40,60.67,0.00 
5:34,21.38,60.83,0.00 
5:35,21.35,60.83,0.00 
5:36,21.32,60.50,0.00 
5:37,21.28,60.33,0.00 
5:38,21.20,60.17,0.00 
5:39,21.25,60.50,0.00 
5:40,21.25,60.50,0.00 
5:41,21.25,60.67,0.00 
5:42,21.28,60.67,0.00 
5:43,21.25,60.83,0.00 
5:44,21.28,61.17,0.00 
5:45,21.33,61.17,0.00 
5:46,21.45,61.17,0.00 
5:47,21.48,60.50,0.00 
5:48,21.53,60.33,0.00 
5:49,21.48,60.33,0.00 
5:50,21.48,60.17,0.00 
5:51,21.47,60.33,0.00 
5:52,21.42,60.33,0.00 
5:53,21.43,60.83,0.00 
5:54,21.43,60.67,0.00 
5:55,21.47,60.67,0.00 
5:56,21.50,60.67,0.00 
5:57,21.48,60.67,0.00 
5:58,21.52,60.33,0.00 
5:59,21.52,60.17,0.00 
6:0,21.48,60.17,0.00 
6:1,21.50,60.17,0.00 
6:2,21.45,60.17,0.00 
6:3,21.47,60.17,0.00 
6:4,21.47,60.00,0.00 
6:5,21.45,60.17,0.00 
6:6,21.43,60.33,0.00 
6:7,21.40,60.00,0.00 
6:8,21.40,60.33,0.00 
6:9,21.30,60.33,0.00 
6:10,21.30,60.33,0.00 
6:11,21.33,60.67,0.00 
6:12,21.35,60.67,0.00 
6:13,21.37,60.83,0.00 
6:14,21.35,60.67,0.00 
6:15,21.43,60.83,0.00 
6:16,21.40,60.33,0.00 
6:17,21.35,60.50,0.00 
6:18,21.30,60.67,0.00 
6:19,21.25,60.83,0.00 
6:20,21.23,60.83,0.00 
6:21,21.27,60.83,0.00 
6:22,21.27,60.67,0.00 
6:23,21.27,60.83,0.00 
6:24,21.28,61.00,0.00 
6:25,21.30,61.17,0.00 
6:26,21.27,61.17,0.00 
6:27,21.30,61.00,0.00 
6:28,21.30,61.17,0.00 
6:29,21.28,60.83,0.00 
6:30,21.32,60.50,0.00 
6:31,21.33,60.83,0.00 
6:32,21.37,60.83,0.00 
6:33,21.35,60.83,0.00 
6:34,21.40,60.67,0.00 
6:35,21.43,60.67,0.00 
6:36,21.40,60.67,0.00 
6:37,21.37,60.83,0.00 
6:38,21.37,61.00,0.00 
6:39,21.38,61.00,0.00 
6:40,21.47,60.83,0.00 
6:41,21.52,61.00,0.00 
6:42,21.43,60.83,0.00 
6:43,21.43,61.00,0.00 
6:44,21.40,61.17,0.00 
6:45,21.42,61.33,0.00 
6:46,21.45,60.83,0.00 
6:47,21.42,61.00,0.00 
6:48,21.45,61.00,0.00 
6:49,21.47,61.00,0.00 
6:50,21.45,61.17,0.00 
6:51,21.45,61.33,0.00 
6:52,21.47,61.50,0.00 
6:53,21.52,61.33,0.00 
6:54,21.48,61.33,0.00 
6:55,21.47,61.33,0.00 
6:56,21.53,61.33,0.00 
6:57,21.55,61.50,0.00 
6:58,21.52,61.50,0.00 
6:59,21.48,61.33,0.00 
7:0,21.53,61.50,0.00 
7:1,21.55,61.50,0.00 
7:2,21.53,61.50,0.00 
7:3,21.58,61.67,0.00 
7:4,21.60,61.67,0.00 
7:5,21.60,61.83,0.00 
7:6,21.58,61.67,0.00 
7:7,21.58,61.83,0.00 
7:8,21.62,62.00,0.00 
7:9,21.63,62.00,0.00 
7:10,21.60,61.83,0.00 
7:11,21.63,61.83,0.00 
7:12,21.63,61.67,0.00 
7:13,21.60,61.67,0.00 
7:14,21.63,61.83,0.00 
7:15,21.63,62.17,0.00 
7:16,21.63,62.17,0.00 
7:17,21.72,62.00,0.00 
7:18,21.72,62.00,0.00 
7:19,21.75,61.67,0.00 
7:20,21.82,61.83,0.00 
7:21,21.82,62.17,0.00 
7:22,21.80,62.00,0.00 
7:23,21.80,62.17,0.00 
7:24,21.78,62.00,0.00 
7:25,21.82,61.83,0.00 
7:26,21.77,61.67,0.00 
7:27,21.75,62.00,0.00 
7:28,21.75,62.00,0.00 
7:29,21.80,62.33,0.00 
7:30,21.88,62.33,0.00 
7:31,21.83,62.33,0.00 
7:32,21.87,62.00,0.00 
7:33,21.95,62.17,0.00 
7:34,21.92,62.17,0.00 
7:35,21.97,61.83,0.00 
7:36,22.03,61.67,0.00 
7:37,22.08,61.67,0.00 
7:38,22.12,61.33,0.00 
7:39,22.13,61.33,0.00 
7:40,22.20,61.50,0.00 
7:41,22.18,61.33,0.00 
7:42,22.27,61.50,0.00 
7:43,22.28,61.17,0.00 
7:44,22.27,61.00,0.00 
7:45,22.33,61.17,0.00 
7:46,22.38,61.00,0.00 
7:47,22.47,61.17,0.00 
7:48,22.48,60.83,0.00 
7:49,22.52,60.83,0.00 
7:50,22.52,60.83,0.00 
7:51,22.58,60.50,0.00 
7:52,22.63,60.33,0.00 
7:53,22.62,60.33,0.00 
7:54,22.68,60.33,0.00 
7:55,22.72,60.33,0.00 
7:56,22.68,60.50,0.00 
7:57,22.75,60.33,0.00 
7:58,22.82,60.33,0.00 
7:59,22.83,60.17,0.00 
8:0,22.87,60.33,0.00 
8:1,22.88,60.17,0.00 
8:2,22.92,60.33,0.00 
8:3,22.93,60.33,0.00 
8:4,22.98,60.33,0.00 
8:5,23.03,60.50,0.00 
8:6,23.07,60.17,0.00 
8:7,23.12,60.00,0.00 
8:8,23.13,59.83,0.00 
8:9,23.22,60.00,0.00 
8:10,23.25,60.17,0.00 
8:11,23.22,59.83,0.00 
8:12,23.28,59.67,0.00 
8:13,23.35,59.67,0.00 
8:14,23.37,59.67,0.00 
8:15,23.45,59.50,0.00 
8:16,23.53,59.33,0.00 
8:17,23.57,59.33,0.00 
8:18,23.55,59.17,0.00 
8:19,23.55,59.00,0.00 
8:20,23.65,59.50,0.00 
8:21,23.70,59.50,0.00 
8:22,23.72,59.33,0.00 
8:23,23.78,59.67,0.00 
8:24,23.82,59.33,0.00 
8:25,23.82,59.17,0.00 
8:26,23.78,59.17,0.00 
8:27,23.82,59.67,0.00 
8:28,23.87,59.17,0.00 
8:29,23.87,58.67,0.00 
8:30,23.92,58.83,0.00 
8:31,23.97,59.00,0.00 
8:32,23.98,59.00,0.00 
8:33,24.03,58.83,0.00 
8:34,24.05,58.83,0.00 
8:35,24.12,59.00,0.00 
8:36,24.17,59.00,0.00 
8:37,24.18,59.00,0.00 
8:38,24.25,58.67,0.00 
8:39,24.27,58.67,0.00 
8:40,24.33,58.33,0.00 
8:41,24.38,58.33,0.00 
8:42,24.45,58.50,0.00 
8:43,24.47,58.17,0.00 
8:44,24.48,57.83,0.00 
8:45,24.53,58.00,0.00 
8:46,24.53,58.00,0.00 
8:47,24.55,58.00,0.00 
8:48,24.58,58.00,0.00 
8:49,24.62,57.67,0.00 
8:50,24.65,57.67,0.00 
8:51,24.65,57.50,0.00 
8:52,24.67,58.17,0.00 
8:53,24.75,57.83,0.00 
8:54,24.73,58.17,0.00 
8:55,24.78,58.00,0.00 
8:56,24.80,58.00,0.00 
8:57,24.75,58.00,0.00 
8:58,24.78,57.67,0.00 
8:59,24.80,57.67,0.00 
9:0,24.78,57.83,0.00 
9:1,24.82,58.00,0.00 
9:2,24.82,57.83,0.00 
9:3,24.90,58.00,0.00 
9:4,24.93,58.33,0.00 
9:5,24.95,58.00,0.00 
9:6,25.00,58.00,0.00 
9:7,24.97,58.00,0.00 
9:8,25.00,58.33,0.00 
9:9,25.02,58.00,0.00 
9:10,24.93,58.50,0.00 
9:11,25.08,58.33,0.00 
9:12,25.05,58.33,0.00 
9:13,25.12,58.17,0.00 
9:14,25.10,58.17,0.00 
9:15,25.15,58.17,0.00 
9:16,25.17,58.33,0.00 
9:17,25.23,58.17,0.00 
9:18,25.23,57.83,0.00 
9:19,25.25,58.00,0.00 
9:20,25.32,57.67,0.00 
9:21,25.35,57.33,0.00 
9:22,25.35,57.83,0.00 
9:23,25.33,57.67,0.00 
9:24,25.37,57.67,0.00 
9:25,25.40,57.83,0.00 
9:26,25.38,58.00,0.00 
9:27,25.38,57.67,0.00 
9:28,25.43,57.50,0.00 
9:29,25.50,57.33,0.00 
9:30,25.50,57.33,0.00 
9:31,25.50,57.33,0.00 
9:32,25.55,57.33,0.00 
9:33,25.62,57.33,0.00 
9:34,25.62,57.33,0.00 
9:35,25.68,57.17,0.00 
9:36,25.65,56.67,0.00 
9:37,25.67,56.83,0.00 
9:38,25.65,57.00,0.00 
9:39,25.63,57.17,0.00 
9:40,25.67,57.00,0.00 
9:41,25.68,56.83,0.00 
9:42,25.65,57.00,0.00 
9:43,25.70,57.17,0.00 
9:44,25.75,56.83,0.00 
9:45,25.75,57.17,0.00 
9:46,25.77,57.17,0.00 
9:47,25.75,57.33,0.00 
9:48,25.75,57.50,0.00 
9:49,25.77,57.33,0.00 
9:50,25.83,56.83,0.00 
9:51,25.82,56.67,0.00 
9:52,25.82,56.50,0.00 
9:53,25.87,56.83,0.00 
9:54,25.87,56.67,0.00 
9:55,25.90,56.83,0.00 
9:56,25.92,56.67,0.00 
9:57,25.93,56.33,0.00 
9:58,25.92,56.50,0.00 
9:59,25.92,56.50,0.00 
10:0,25.97,56.33,0.00 
10:1,25.95,56.50,0.00 
10:2,25.95,56.67,0.00 
10:3,26.02,56.50,0.00 
10:4,26.03,56.33,0.00 
10:5,26.08,56.33,0.00 
10:6,26.10,56.33,0.00 
10:7,26.17,55.67,0.00 
10:8,26.22,55.67,0.00 
10:9,26.23,56.17,0.00 
10:10,26.30,56.00,0.00 
10:11,26.30,55.50,0.00 
10:12,26.32,55.83,0.00 
10:13,26.20,55.67,0.00 
10:14,26.02,55.50,0.00 
10:15,25.85,56.00,0.00 
10:16,25.72,56.00,0.00 
10:17,25.68,56.00,0.00 
10:18,25.58,55.67,0.00 
10:19,25.53,56.17,0.00 
10:20,25.57,56.00,0.00 
10:21,25.53,55.33,0.00 
10:22,25.53,55.00,0.00 
10:23,25.52,55.17,0.00 
10:24,25.55,55.17,0.00 
10:25,25.53,55.33,0.00 
10:26,25.57,55.00,0.00 
10:27,25.58,55.00,0.00 
10:28,25.62,55.17,0.00 
10:29,25.63,55.17,0.00 
10:30,25.63,55.17,0.00 
10:31,25.65,54.83,0.00 
10:32,25.62,54.50,0.00 
10:33,25.65,53.83,0.00 
10:34,25.62,54.17,0.00 
10:35,25.63,54.17,0.00 
10:36,25.62,54.33,0.00 
10:37,25.57,53.83,0.00 
10:38,25.57,54.17,0.00 
10:39,25.58,54.50,0.00 
10:40,25.60,54.50,0.00 
10:41,25.65,54.67,0.00 
10:42,25.65,54.33,0.00 
10:43,25.65,53.83,0.00 
10:44,25.70,53.83,0.00 
10:45,25.68,53.67,0.00 
10:46,25.72,53.50,0.00 
10:47,25.70,52.83,0.00 
10:48,25.73,53.17,0.00 
10:49,25.75,52.83,0.00 
10:50,25.78,53.17,0.00 
10:51,25.75,53.50,0.00 
10:52,25.78,53.50,0.00 
10:53,25.82,53.50,0.00 
10:54,25.80,53.00,0.00 
10:55,25.70,52.50,0.00 
10:56,25.60,53.17,0.00 
10:57,25.55,53.83,0.00 
10:58,25.43,54.00,0.00 
10:59,25.47,53.67,0.00 
11:0,25.45,53.50,0.00 
11:1,25.50,53.83,0.00 
11:2,25.45,53.67,0.00 
11:3,25.48,53.00,0.00 
11:4,25.40,52.83,0.00 
11:5,25.33,52.67,0.00 
11:6,25.32,52.67,0.00 
11:7,25.28,52.67,0.00 
11:8,25.27,52.50,0.00 
11:9,25.27,51.83,0.00 
11:10,25.27,52.00,0.00 
11:11,25.27,52.50,0.00 
11:12,25.25,52.67,0.00 
11:13,25.32,52.83,0.00 
11:14,25.27,52.67,0.00 
11:15,25.35,52.83,0.00 
11:16,25.35,52.83,0.00 
11:17,25.35,52.33,0.00 
11:18,25.33,52.17,0.00 
11:19,25.33,52.50,0.00 
11:20,25.27,52.33,0.00 
11:21,25.35,52.33,0.00 
11:22,25.35,52.67,0.00 
11:23,25.23,52.67,0.00 
11:24,25.32,52.50,0.00 
11:25,25.25,52.33,0.00 
11:26,25.30,52.00,0.00 
11:27,25.27,52.00,0.00 
11:28,25.28,52.50,0.00 
11:29,25.27,51.83,0.00 
11:30,25.30,51.83,0.00 
11:31,25.25,51.83,0.00 
11:32,25.28,51.83,0.00 
11:33,25.30,52.00,0.00 
11:34,25.28,52.67,0.00 
11:35,25.35,52.50,0.00 
11:36,25.37,51.83,0.00 
11:37,25.37,51.83,0.00 
11:38,25.35,51.50,0.00 
11:39,25.38,50.83,0.00 
11:40,25.38,50.83,0.00 
11:41,25.35,50.83,0.00 
11:42,25.35,51.17,0.00 
11:43,25.32,51.33,0.00 
11:44,25.38,51.67,0.00 
11:45,25.40,51.83,0.00 
11:46,25.37,51.83,0.00 
11:47,25.37,51.83,0.00 
11:48,25.35,51.83,0.00 
11:49,25.38,51.33,0.00 
11:50,25.47,51.83,0.00 
11:51,25.43,51.33,0.00 
11:52,25.47,51.00,0.00 
11:53,25.52,50.17,0.00 
11:54,25.52,49.67,0.00 
11:55,25.53,50.00,0.00 
11:56,25.52,50.67,0.00 
11:57,25.48,50.83,0.00 
11:58,25.48,51.17,0.00 
11:59,25.45,51.17,0.00 
12:0,25.50,50.83,0.00 
12:1,25.53,50.67,0.00 
12:2,25.60,50.83,0.00 
12:3,25.57,50.83,0.00 
12:4,25.55,50.67,0.00 
12:5,25.57,50.83,0.00 
12:6,25.52,50.83,0.00 
12:7,25.60,51.33,0.00 
12:8,25.55,51.17,0.00 
12:9,25.62,51.17,0.00 
12:10,25.58,51.00,0.00 
12:11,25.65,50.83,0.00 
12:12,25.68,50.67,0.00 
12:13,25.72,51.00,0.00 
12:14,25.67,50.67,0.00 
12:15,25.70,50.67,0.00 
12:16,25.73,50.33,0.00 
12:17,25.72,50.33,0.00 
12:18,25.65,50.50,0.00 
12:19,25.67,50.17,0.00 
12:20,25.68,50.00,0.00 
12:21,25.67,49.83,0.00 
12:22,25.72,49.67,0.00 
12:23,25.68,49.50,0.00 
12:24,25.72,49.33,0.00 
12:25,25.73,49.33,0.00 
12:26,25.75,49.17,0.00 
12:27,25.82,49.50,0.00 
12:28,25.82,49.50,0.00 
12:29,25.87,49.50,0.00 
12:30,25.92,49.33,0.00 
12:31,25.85,49.50,0.00 
12:32,25.87,49.50,0.00 
12:33,25.82,49.33,0.00 
12:34,25.80,49.17,0.00 
12:35,25.85,49.67,0.00 
12:36,25.82,49.83,0.00 
12:37,25.77,49.67,0.00 
12:38,25.78,49.50,0.00 
12:39,25.82,49.50,0.00 
12:40,25.90,49.33,0.00 
12:41,25.90,49.17,0.00 
12:42,25.87,48.67,0.00 
12:43,25.85,48.67,0.00 
12:44,25.87,48.67,0.00 
12:45,25.87,48.50,0.00 
12:46,25.88,48.33,0.00 
12:47,25.90,48.50,0.00 
12:48,25.90,48.50,0.00 
12:49,25.87,48.50,0.00 
12:50,25.90,48.67,0.00 
12:51,25.90,48.33,0.00 
12:52,25.88,48.17,0.00 
12:53,25.93,48.33,0.00 
12:54,25.92,48.00,0.00 
12:55,25.88,48.17,0.00 
12:56,25.85,48.17,0.00 
12:57,25.85,48.33,0.00 
12:58,25.85,48.50,0.00 
12:59,25.83,48.17,0.00 
13:0,25.85,48.17,0.00 
13:1,25.88,47.67,0.00 
13:2,25.92,46.50,0.00 
13:3,25.92,46.50,0.00 
13:4,25.95,46.50,0.00 
13:5,25.92,46.83,0.00 
13:6,25.95,47.17,0.00 
13:7,25.93,47.17,0.00 
13:8,25.97,47.33,0.00 
13:9,26.00,47.00,0.00 
13:10,26.00,46.83,0.00 
13:11,26.00,46.83,0.00 
13:12,26.00,47.00,0.00 
13:13,26.00,47.17,0.00 
13:14,25.95,47.50,0.00 
13:15,25.90,47.50,0.00 
13:16,26.00,47.50,0.00 
13:17,26.00,47.50,0.00 
13:18,26.07,47.50,0.00 
13:19,26.03,47.17,0.00 
13:20,26.07,47.50,0.00 
13:21,26.07,47.67,0.00 
13:22,26.07,48.17,0.00 
13:23,26.03,47.67,0.00 
13:24,26.08,47.50,0.00 
13:25,26.03,47.50,0.00 
13:26,26.03,47.83,0.00 
13:27,26.03,47.50,0.00 
13:28,26.05,47.50,0.00 
13:29,26.08,47.50,0.00 
13:30,26.08,47.50,0.00 
13:31,26.05,47.17,0.00 
13:32,25.98,46.83,0.00 
13:33,25.98,46.83,0.00 
13:34,26.02,47.00,0.00 
13:35,26.05,46.50,0.00 
13:36,26.05,46.17,0.00 
13:37,26.02,45.83,0.00 
13:38,26.05,46.00,0.00 
13:39,26.05,46.50,0.00 
13:40,26.02,46.67,0.00 
13:41,26.00,47.17,0.00 
13:42,25.97,47.33,0.00 
13:43,26.00,47.00,0.00 
13:44,25.97,47.50,0.00 
13:45,25.98,47.33,0.00 
13:46,25.98,47.50,0.00 
13:47,25.97,47.50,0.00 
13:48,26.00,47.50,0.00 
13:49,26.00,47.50,0.00 
13:50,26.00,47.50,0.00 
13:51,26.00,47.67,0.00 
13:52,26.00,47.83,0.00 
13:53,25.98,47.67,0.00 
13:54,26.00,47.67,0.00 
13:55,26.03,47.83,0.00 
13:56,26.02,47.33,0.00 
13:57,26.00,46.33,0.00 
13:58,25.98,45.83,0.00 
13:59,26.02,46.00,0.00 
14:0,26.02,45.50,0.00 
14:1,25.98,45.33,0.00 
14:2,25.98,45.33,0.00 
14:3,26.02,45.67,0.00 
14:4,26.02,45.83,0.00 
14:5,26.05,45.67,0.00 
14:6,26.02,45.83,0.00 
14:7,26.00,46.00,0.00 
14:8,26.03,46.00,0.00 
14:9,26.00,46.50,0.00 
14:10,25.98,46.67,0.00 
14:11,26.00,46.83,0.00 
14:12,25.98,46.83,0.00 
14:13,26.00,46.33,0.00 
14:14,26.12,46.00,0.00 
14:15,26.23,46.50,0.00 
14:16,26.35,46.00,0.00 
14:17,26.42,45.50,0.00 
14:18,26.50,45.50,0.00 
14:19,26.55,45.33,0.00 
14:20,26.58,45.50,0.00 
14:21,26.55,45.50,0.00 
14:22,26.60,45.50,0.00 
14:23,26.60,45.33,0.00 
14:24,26.63,45.83,0.00 
14:25,26.60,45.50,0.00 
14:26,26.58,45.67,0.00 
14:27,26.62,45.50,0.00 
14:28,26.65,45.50,0.00 
14:29,26.62,45.50,0.00 
14:30,26.65,45.67,0.00 
14:31,26.65,45.83,0.00 
14:32,26.65,46.00,0.00 
14:33,26.65,46.33,0.00 
14:34,26.63,46.33,0.00 
14:35,26.70,46.33,0.00 
14:36,26.67,46.33,0.00 
14:37,26.63,46.33,0.00 
14:38,26.63,46.33,0.00 
14:39,26.72,46.67,0.00 
14:40,26.73,46.67,0.00 
14:41,26.72,46.33,0.00 
14:42,26.63,46.33,0.00 
14:43,26.70,46.33,0.00 
14:44,26.73,46.67,0.00 
14:45,26.80,46.83,0.00 
14:46,26.78,46.83,0.00 
14:47,26.78,46.83,0.00 
14:48,26.77,46.50,0.00 
14:49,26.72,46.17,0.00 
14:50,26.73,45.83,0.00 
14:51,26.73,46.17,0.00 
14:52,26.73,46.17,0.00 
14:53,26.75,46.33,0.00 
14:54,26.70,46.33,0.00 
14:55,26.73,46.17,0.00 
14:56,26.73,45.50,0.00 
14:57,26.75,45.17,0.00 
14:58,26.73,45.00,0.00 
14:59,26.70,45.33,0.00 
15:0,26.68,45.67,0.00 
15:1,26.67,46.17,0.00 
15:2,26.63,46.17,0.00 
15:3,26.65,46.17,0.00 
15:4,26.63,45.83,0.00 
15:5,26.63,45.67,0.00 
15:6,26.63,46.17,0.00 
15:7,26.62,46.17,0.00 
15:8,26.58,46.33,0.00 
15:9,26.58,46.33,0.00 
15:10,26.53,46.33,0.00 
15:11,26.57,47.17,0.00 
15:12,26.60,47.50,0.00 
15:13,26.57,47.50,0.00 
15:14,26.57,47.67,0.00 
15:15,26.52,48.00,0.00 
15:16,26.55,48.33,0.00 
15:17,26.57,48.17,0.00 
15:18,26.57,48.00,0.00 
15:19,26.53,48.33,0.00 
15:20,26.52,48.33,0.00 
15:21,26.45,48.17,0.00 
15:22,26.48,48.33,0.00 
15:23,26.50,48.00,0.00 
15:24,26.57,47.50,0.00 
15:25,26.60,47.50,0.00 
15:26,26.63,47.50,0.00 
15:27,26.68,47.33,0.00 
15:28,26.65,47.50,0.00 
15:29,26.67,47.50,0.00 
15:30,26.72,47.17,0.00 
15:31,26.73,47.33,0.00 
15:32,26.78,47.33,0.00 
15:33,26.80,47.33,0.00 
15:34,26.80,47.83,0.00 
15:35,26.83,47.50,0.00 
15:36,26.82,47.67,0.00 
15:37,26.83,47.50,0.00 
15:38,26.82,47.83,0.00 
15:39,26.78,47.67,0.00 
15:40,26.75,47.83,0.00 
15:41,26.72,47.83,0.00 
15:42,26.72,48.00,0.00 
15:43,26.73,48.17,0.00 
15:44,26.77,48.00,0.00 
15:45,26.80,48.00,0.00 
15:46,26.78,47.83,0.00 
15:47,26.78,47.83,0.00 
15:48,26.78,47.83,0.00 
15:49,26.73,47.50,0.00 
15:50,26.77,47.33,0.00 
15:51,26.78,47.33,0.00 
15:52,26.75,47.33,0.00 
15:53,26.75,47.33,0.00 
15:54,26.70,47.50,0.00 
15:55,26.65,47.17,0.00 
15:56,26.63,47.33,0.00 
15:57,26.58,47.83,0.00 
15:58,26.57,48.00,0.00 
15:59,26.63,48.17,0.00 
16:0,26.62,47.83,0.00 
16:1,26.57,47.50,0.00 
16:2,26.48,48.17,0.00 
16:3,26.42,48.33,0.00 
16:4,26.40,48.33,0.00 
16:5,26.40,48.33,0.00 
16:6,26.40,48.17,0.00 
16:7,26.33,48.00,0.00 
16:8,26.33,48.00,0.00 
16:9,26.27,48.17,0.00 
16:10,26.28,48.33,0.00 
16:11,26.37,48.17,0.00 
16:12,26.42,48.17,0.00 
16:13,26.40,48.33,0.00 
16:14,26.42,48.33,0.00 
16:15,26.48,48.50,0.00 
16:16,26.50,48.67,0.00 
16:17,26.53,48.50,0.00 
16:18,26.57,48.67,0.00 
16:19,26.53,48.50,0.00 
16:20,26.47,48.67,0.00 
16:21,26.38,49.00,0.00 
16:22,26.40,48.83,0.00 
16:23,26.40,49.00,0.00 
16:24,26.43,49.17,0.00 
16:25,26.40,49.17,0.00 
16:26,26.38,49.17,0.00 
16:27,26.37,49.17,0.00 
16:28,26.38,49.00,0.00 
16:29,26.32,49.00,0.00 
16:30,26.33,49.33,0.00 
16:31,26.32,49.33,0.00 
16:32,26.35,49.00,0.00 
16:33,26.28,49.33,0.00 
16:34,26.22,49.50,0.00 
16:35,26.22,49.50,0.00 
16:36,26.18,49.50,0.00 
16:37,26.27,49.50,0.00 
16:38,26.25,49.50,0.00 
16:39,26.27,49.33,0.00 
16:40,26.20,49.17,0.00 
16:41,26.23,49.17,0.00 
16:42,26.18,49.17,0.00 
16:43,26.17,49.33,0.00 
16:44,26.18,49.33,0.00 
16:45,26.12,49.67,0.00 
16:46,26.08,49.50,0.00 
16:47,26.08,49.50,0.00 
16:48,26.07,50.00,0.00 
16:49,26.05,50.17,0.00 
16:50,25.97,50.00,0.00 
16:51,25.93,49.67,0.00 
16:52,25.98,50.00,0.00 
16:53,25.95,50.00,0.00 
16:54,25.97,49.83,0.00 
16:55,25.88,50.17,0.00 
16:56,25.88,50.00,0.00 
16:57,25.90,50.17,0.00 
16:58,25.90,49.83,0.00 
16:59,25.88,49.83,0.00 
17:0,25.90,49.67,0.00 
17:1,25.80,49.83,0.00 
17:2,25.77,50.17,0.00 
17:3,25.73,50.67,0.00 
17:4,25.70,50.67,0.00 
17:5,25.65,51.33,0.00 
17:6,25.57,51.33,0.00 
17:7,25.52,51.67,0.00 
17:8,25.52,51.67,0.00 
17:9,25.40,52.00,0.00 
17:10,25.28,52.33,0.00 
17:11,25.28,52.67,0.00 
17:12,25.20,52.67,0.00 
17:13,25.17,52.67,0.00 
17:14,25.12,52.67,0.00 
17:15,25.10,52.67,0.00 
17:16,25.10,52.67,0.00 
17:17,25.08,52.33,0.00 
17:18,25.12,52.17,0.00 
17:19,25.12,52.00,0.00 
17:20,25.10,52.00,0.00 
17:21,25.15,51.50,0.00 
17:22,25.13,51.67,0.00 
17:23,25.10,51.83,0.00 
17:24,25.03,52.17,0.00 
17:25,25.05,52.17,0.00 
17:26,25.03,52.33,0.00 
17:27,24.98,52.50,0.00 
17:28,24.97,52.83,0.00 
17:29,24.93,52.67,0.00 
17:30,24.93,53.33,0.00 
17:31,25.03,53.33,0.00 
17:32,25.07,53.00,0.00 
17:33,25.10,52.83,0.00 
17:34,25.13,52.50,0.00 
17:35,25.08,52.50,0.00 
17:36,25.13,52.50,0.00 
17:37,25.10,52.67,0.00 
17:38,25.10,52.50,0.00 
17:39,25.08,52.50,0.00 
17:40,25.03,52.33,0.00 
17:41,25.05,52.50,0.00 
17:42,25.00,52.33,0.00 
17:43,25.10,52.17,0.00 
17:44,25.10,52.33,0.00 
17:45,25.03,52.33,0.00 
17:46,25.02,52.67,0.00 
17:47,25.05,52.33,0.00 
17:48,25.05,52.33,0.00 
17:49,25.02,52.50,0.00 
17:50,24.97,52.50,0.00 
17:51,24.97,52.50,0.00 
17:52,25.00,52.50,0.00 
17:53,24.98,53.00,0.00 
17:54,24.98,52.83,0.00 
17:55,24.95,52.67,0.00 
17:56,24.95,52.67,0.00 
17:57,24.93,53.00,0.00 
17:58,24.95,53.50,0.00 
17:59,24.90,53.50,0.00 
18:0,24.87,53.83,0.00 
18:1,24.90,53.83,0.00 
18:2,24.88,53.83,0.00 
18:3,24.87,53.67,0.00 
18:4,24.85,53.83,0.00 
18:5,24.82,53.33,0.00 
18:6,24.87,53.00,0.00 
18:7,24.87,53.17,0.00 
18:8,24.88,53.33,0.00 
18:9,24.85,53.17,0.00 
18:10,24.87,53.17,0.00 
18:11,24.90,53.33,0.00 
18:12,24.82,53.33,0.00 
18:13,24.78,53.33,0.00 
18:14,24.75,53.50,0.00 
18:15,24.75,53.50,0.00 
18:16,24.70,53.67,0.00 
18:17,24.68,54.00,0.00 
18:18,24.72,54.00,0.00 
18:19,24.75,54.33,0.00 
18:20,24.73,54.33,0.00 
18:21,24.73,54.17,0.00 
18:22,24.75,54.17,0.00 
18:23,24.78,54.17,0.00 
18:24,24.73,54.17,0.00 
18:25,24.68,54.33,0.00 
18:26,24.68,54.33,0.00 
18:27,24.68,54.17,0.00 
18:28,24.68,54.33,0.00 
18:29,24.73,54.33,0.00 
18:30,24.68,54.17,0.00 
18:31,24.68,54.17,0.00 
18:32,24.67,54.17,0.00 
18:33,24.72,54.00,0.00 
18:34,24.65,54.17,0.00 
18:35,24.62,54.00,0.00 
18:36,24.60,54.33,0.00 
18:37,24.57,54.17,0.00 
18:38,24.52,54.50,0.00 
18:39,24.48,54.67,0.00 
18:40,24.48,54.33,0.00 
18:41,24.57,54.67,0.00 
18:42,24.57,54.67,0.00 
18:43,24.65,54.67,0.00 
18:44,24.63,54.67,0.00 
18:45,24.60,54.83,0.00 
18:46,24.63,54.67,0.00 
18:47,24.60,54.67,0.00 
18:48,24.57,55.00,0.00 
18:49,24.57,55.00,0.00 
18:50,24.60,54.83,0.00 
18:51,24.57,54.67,0.00 
18:52,24.48,55.33,0.00 
18:53,24.57,55.00,0.00 
18:54,24.62,54.50,0.00 
18:55,24.60,54.50,0.00 
18:56,24.57,54.50,0.00 
18:57,24.57,54.67,0.00 
18:58,24.58,54.83,0.00 
18:59,24.62,55.00,0.00 
19:0,24.67,54.83,0.00 
19:1,24.63,54.83,0.00 
19:2,24.63,54.83,0.00 
19:3,24.63,54.83,0.00 
19:4,24.63,54.83,0.00 
19:5,24.62,54.83,0.00 
19:6,24.62,54.67,0.00 
19:7,24.58,54.67,0.00 
19:8,24.53,54.67,0.00 
19:9,24.52,54.50,0.00 
19:10,24.50,54.33,0.00 
19:11,24.47,54.83,0.00 
19:12,24.47,54.83,0.00 
19:13,24.53,55.00,0.00 
19:14,24.52,54.67,0.00 
19:15,24.47,54.67,0.00 
19:16,24.43,54.67,0.00 
19:17,24.42,55.00,0.00 
19:18,24.52,55.00,0.00 
19:19,24.52,55.00,0.00 
19:20,24.48,55.17,0.00 
19:21,24.45,55.17,0.00 
19:22,24.37,55.17,0.00 
19:23,24.27,55.50,0.00 
19:24,24.17,55.83,0.00 
19:25,24.15,55.83,0.00 
19:26,24.17,55.83,0.00 
19:27,24.18,55.50,0.00 
19:28,24.27,55.50,0.00 
19:29,24.23,55.67,0.00 
19:30,24.23,55.67,0.00 
19:31,24.28,55.50,0.00 
19:32,24.30,55.50,0.00 
19:33,24.32,55.50,0.00 
19:34,24.38,55.67,0.00 
19:35,24.40,55.50,0.00 
19:36,24.35,55.67,0.00 
19:37,24.33,55.33,0.00 
19:38,24.30,55.50,0.00 
19:39,24.32,55.50,0.00 
19:40,24.32,55.50,0.00 
19:41,24.30,55.33,0.00 
19:42,24.25,55.33,0.00 
19:43,24.25,55.33,0.00 
19:44,24.20,55.50,0.00 
19:45,24.20,55.50,0.00 
19:46,24.15,55.67,0.00 
19:47,24.12,55.67,0.00 
19:48,24.08,56.00,0.00 
19:49,24.07,56.17,0.00 
19:50,23.97,56.50,0.00 
19:51,23.97,56.83,0.00 
19:52,23.98,56.33,0.00 
19:53,23.95,56.50,0.00 
19:54,23.95,56.83,0.00 
19:55,23.90,56.83,0.00 
19:56,23.87,57.00,0.00 
19:57,23.88,57.17,0.00 
19:58,23.90,56.83,0.00 
19:59,23.88,57.00,0.00 
20:0,23.80,56.67,0.00 
20:1,23.88,56.83,0.00 
20:2,23.87,56.83,0.00 
20:3,23.83,57.17,0.00 
20:4,23.83,56.83,0.00 
20:5,23.80,57.00,0.00 
20:6,23.73,57.33,0.00 
20:7,23.72,57.33,0.00 
20:8,23.68,57.33,0.00 
20:9,23.65,57.33,0.00 
20:10,23.62,57.17,0.00 
20:11,23.58,57.17,0.00 
20:12,23.57,57.00,0.00 
20:13,23.52,57.17,0.00 
20:14,23.55,57.17,0.00 
20:15,23.53,57.17,0.00 
20:16,23.50,57.17,0.00 
20:17,23.45,57.17,0.00 
20:18,23.47,57.33,0.00 
20:19,23.50,57.17,0.00 
20:20,23.47,57.33,0.00 
20:21,23.47,57.50,0.00 
20:22,23.52,57.17,0.00 
20:23,23.48,57.83,0.00 
20:24,23.43,57.83,0.00 
20:25,23.47,58.00,0.00 
20:26,23.43,58.17,0.00 
20:27,23.42,58.00,0.00 
20:28,23.42,58.17,0.00 
20:29,23.38,58.17,0.00 
20:30,23.35,58.17,0.00 
20:31,23.33,58.50,0.00 
20:32,23.32,58.50,0.00 
20:33,23.33,58.50,0.00 
20:34,23.42,58.50,0.00 
20:35,23.32,58.50,0.00 
20:36,23.30,58.67,0.00 
20:37,23.28,58.83,0.00 
20:38,23.37,58.83,0.00 
20:39,23.37,58.33,0.00 
20:40,23.27,58.83,0.00 
20:41,23.25,59.00,0.00 
20:42,23.23,59.33,0.00 
20:43,23.23,59.33,0.00 
20:44,23.25,59.33,0.00 
20:45,23.25,59.33,0.00 
20:46,23.20,59.33,0.00 
20:47,23.22,59.67,0.00 
20:48,23.25,59.50,0.00 
20:49,23.30,59.17,0.00 
20:50,23.30,59.17,0.00 
20:51,23.30,59.50,0.00 
20:52,23.30,59.17,0.00 
20:53,23.28,59.00,0.00 
20:54,23.28,59.00,0.00 
20:55,23.28,59.00,0.00 
20:56,23.22,59.00,0.00 
20:57,23.22,59.00,0.00 
20:58,23.15,59.33,0.00 
20:59,23.23,59.17,0.00 
21:0,23.17,59.17,0.00 
21:1,23.18,59.50,0.00 
21:2,23.22,59.33,0.00 
21:3,23.20,59.50,0.00 
21:4,23.22,59.50,0.00 
21:5,23.18,60.00,0.00 
21:6,23.25,59.83,0.00 
21:7,23.25,59.67,0.00 
21:8,23.25,59.83,0.00 
21:9,23.27,60.00,0.00 
21:10,23.28,59.83,0.00 
21:11,23.28,59.83,0.00 
21:12,23.27,60.67,0.00 
21:13,23.28,60.83,0.00 
21:14,23.28,61.17,0.00 
21:15,23.32,61.17,0.00 
21:16,23.27,61.67,0.00 
21:17,23.32,62.00,0.00 
21:18,23.40,61.50,0.00 
21:19,23.42,61.33,0.00 
21:20,23.43,61.00,0.00 
21:21,23.43,60.83,0.00 
21:22,23.48,60.33,0.00 
21:23,23.45,60.17,0.00 
21:24,23.48,60.33,0.00 
21:25,23.48,60.00,0.00 
21:26,23.50,59.83,0.00 
21:27,23.52,59.50,0.00 
21:28,23.50,59.50,0.00 
21:29,23.53,59.17,0.00 
21:30,23.52,59.17,0.00 
21:31,23.52,59.17,0.00 
21:32,23.52,59.17,0.00 
21:33,23.55,59.17,0.00 
21:34,23.53,59.50,0.00 
21:35,23.57,59.00,0.00 
21:36,23.57,59.00,0.00 
21:37,23.58,58.67,0.00 
21:38,23.58,59.00,0.00 
21:39,23.58,58.83,0.00 
21:40,23.58,58.83,0.00 
21:41,23.57,58.67,0.00 
21:42,23.58,58.67,0.00 
21:43,23.58,58.83,0.00 
21:44,23.58,58.83,0.00 
21:45,23.58,58.67,0.00 
21:46,23.55,58.67,0.00 
21:47,23.53,58.67,0.00 
21:48,23.48,59.00,0.00 
21:49,23.52,59.00,0.00 
21:50,23.55,58.83,0.00 
21:51,23.53,58.67,0.00 
21:52,23.57,58.67,0.00 
21:53,23.57,58.50,0.00 
21:54,23.57,59.00,0.00 
21:55,23.63,58.67,0.00 
21:56,23.68,58.83,0.00 
21:57,23.72,58.33,0.00 
21:58,23.80,58.33,0.00 
21:59,23.85,58.17,0.00 
22:0,23.88,58.00,0.00 
22:1,23.90,57.83,0.00 
22:2,23.95,57.83,0.00 
22:3,23.95,57.67,0.00 
22:4,23.97,57.50,0.00 
22:5,24.00,57.67,0.00 
22:6,24.03,57.33,0.00 
22:7,24.05,57.50,0.00 
22:8,24.02,57.17,0.00 
22:9,24.02,57.50,0.00 
22:10,24.00,57.17,0.00 
22:11,24.00,57.17,0.00 
22:12,24.03,57.17,0.00 
22:13,24.05,57.17,0.00 
22:14,24.03,57.17,0.00 
22:15,24.10,57.17,0.00 
22:16,24.10,57.00,0.00 
22:17,24.12,56.67,0.00 
22:18,24.02,56.83,0.00 
22:19,24.03,57.00,0.00 
22:20,24.05,57.17,0.00 
22:21,24.00,57.17,0.00 
22:22,24.03,57.00,0.00 
22:23,24.05,57.00,0.00 
22:24,24.03,56.67,0.00 
22:25,23.97,56.83,0.00 
22:26,24.00,57.00,0.00 
22:27,24.00,57.00,0.00 
22:28,23.98,57.00,0.00 
22:29,23.97,56.83,0.00 
22:30,23.95,57.00,0.00 
22:31,23.97,57.00,0.00 
22:32,23.95,57.17,0.00 
22:33,23.95,57.00,0.00 
22:34,23.98,56.83,0.00 
22:35,23.98,57.00,0.00 
22:36,24.00,56.83,0.00 
22:37,23.98,56.83,0.00 
22:38,23.97,57.00,0.00 
22:39,23.98,57.17,0.00 
22:40,23.97,57.17,0.00 
22:41,23.95,57.00,0.00 
22:42,24.02,57.17,0.00 
22:43,23.98,57.17,0.00 
22:44,24.02,56.83,0.00 
22:45,24.02,57.00,0.00 
22:46,24.00,57.00,0.00 
22:47,23.97,56.83,0.00 
22:48,23.97,57.00,0.00 
22:49,23.93,57.17,0.00 
22:50,23.95,57.00,0.00 
22:51,23.98,57.17,0.00 
22:52,23.98,57.17,0.00 
22:53,23.98,57.00,0.00 
22:54,23.98,56.83,0.00 
22:55,24.00,57.00,0.00 
22:56,23.98,56.67,0.00 
22:57,23.97,56.83,0.00 
22:58,24.00,56.50,0.00 
22:59,24.05,56.50,0.00 
23:0,24.02,56.67,0.00 
23:1,24.02,56.67,0.00 
23:2,23.98,56.83,0.00 
23:3,23.98,56.67,0.00 
23:4,23.97,56.67,0.00 
23:5,24.02,56.83,0.00 
23:6,24.00,56.67,0.00 
23:7,23.98,56.67,0.00 
23:8,23.98,56.67,0.00 
23:9,24.02,56.50,0.00 
23:10,23.98,56.50,0.00 
23:11,23.97,56.50,0.00 
23:12,24.00,56.50,0.00 
23:13,23.95,56.67,0.00 
23:14,23.97,56.67,0.00 
23:15,23.95,56.67,0.00 
23:16,23.95,56.50,0.00 
23:17,24.00,56.17,0.00 
23:18,24.02,56.33,0.00 
23:19,23.98,56.17,0.00 
23:20,23.95,56.00,0.00 
23:21,23.95,56.17,0.00 
23:22,23.92,56.33,0.00 
23:23,23.95,56.33,0.00 
23:24,23.97,56.00,0.00 
23:25,23.92,56.17,0.00 
23:26,23.92,56.00,0.00 
23:27,23.90,56.00,0.00 
23:28,23.93,56.00,0.00 
23:29,23.93,56.00,0.00 
23:30,23.88,55.83,0.00 
23:31,23.92,55.83,0.00 
23:32,23.95,55.83,0.00 
23:33,23.90,55.83,0.00 
23:34,23.87,56.00,0.00 
23:35,23.90,56.00,0.00 
23:36,23.90,56.33,0.00 
23:37,23.88,56.33,0.00 
23:38,23.88,56.17,0.00 
23:39,23.87,56.33,0.00 
23:40,23.83,56.33,0.00 
23:41,23.85,56.17,0.00 
23:42,23.88,56.17,0.00 
23:43,23.88,56.17,0.00 
23:44,23.90,56.17,0.00 
23:45,23.90,56.17,0.00 
23:46,23.90,56.50,0.00 
23:47,23.88,56.17,0.00 
23:48,23.88,56.33,0.00 
23:49,23.87,56.17,0.00 
23:50,23.85,56.00,0.00 
23:51,23.93,56.00,0.00 
23:52,23.87,56.00,0.00 
23:53,23.83,56.33,0.00 
23:54,23.88,56.33,0.00 
23:55,23.87,56.17,0.00 
23:56,23.92,56.00,0.00 
23:57,23.92,56.00,0.00 
23:58,23.90,56.00,0.00 
23:59,23.93,56.17,0.00 
0:0,23.88,56.00,0.00 
0:1,23.85,56.00,0.00 
0:2,23.87,56.17,0.00 
0:3,23.90,56.17,0.00 
0:4,23.88,56.17,0.00 
0:5,23.88,56.17,0.00 
0:6,23.85,56.17,0.00 
0:7,23.82,56.17,0.00 
0:8,23.92,56.17,0.00 
0:9,23.87,56.00,0.00 
0:10,23.87,55.83,0.00 
0:11,23.87,56.00,0.00 
0:12,23.87,56.17,0.00 
0:13,23.85,56.00,0.00 
0:14,23.85,56.17,0.00 
0:15,23.83,56.00,0.00 
0:16,23.83,56.17,0.00 
0:17,23.82,56.17,0.00 
0:18,23.80,56.17,0.00 
0:19,23.82,56.00,0.00 
0:20,23.78,56.17,0.00 
0:21,23.83,55.83,0.00 
0:22,23.83,56.17,0.00 
0:23,23.82,56.33,0.00 
0:24,23.80,56.33,0.00 
0:25,23.85,56.50,0.00 
0:26,23.85,56.33,0.00 
0:27,23.87,56.50,0.00 
0:28,23.83,56.33,0.00 
0:29,23.85,56.33,0.00 
0:30,23.83,56.50,0.00 
0:31,23.87,56.50,0.00 
0:32,23.80,56.67,0.00 
0:33,23.85,56.50,0.00 
0:34,23.83,56.33,0.00 
0:35,23.80,56.50,0.00 
0:36,23.80,56.17,0.00 
0:37,23.80,56.33,0.00 
0:38,23.80,56.17,0.00 
0:39,23.78,56.17,0.00 
0:40,23.80,56.17,0.00 
0:41,23.83,56.33,0.00 
0:42,23.83,56.33,0.00 
0:43,23.80,56.33,0.00 
0:44,23.80,56.50,0.00 
0:45,23.77,56.17,0.00 
0:46,23.77,56.17,0.00 
0:47,23.80,56.33,0.00 
0:48,23.75,56.33,0.00 
0:49,23.75,56.33,0.00 
0:50,23.80,56.33,0.00 
0:51,23.77,56.33,0.00 
0:52,23.78,56.33,0.00 
0:53,23.78,56.33,0.00 
0:54,23.80,56.17,0.00 
0:55,23.77,56.50,0.00 
0:56,23.75,56.17,0.00 
0:57,23.73,56.33,0.00 
0:58,23.70,56.67,0.00 
0:59,23.68,56.83,0.00 
1:0,23.67,56.83,0.00 
1:1,23.70,56.83,0.00 
1:2,23.70,56.67,0.00 
1:3,23.68,56.67,0.00 
1:4,23.68,56.83,0.00 
1:5,23.73,56.50,0.00 
1:6,23.70,56.50,0.00 
1:7,23.75,56.33,0.00 
1:8,23.73,56.33,0.00 
1:9,23.70,56.33,0.00 
1:10,23.70,56.17,0.00 
1:11,23.73,56.17,0.00 
1:12,23.72,56.33,0.00 
1:13,23.72,56.67,0.00 
1:14,23.75,56.67,0.00 
1:15,23.75,56.67,0.00 
1:16,23.70,56.67,0.00 
1:17,23.73,56.67,0.00 
1:18,23.70,56.67,0.00 
1:19,23.67,56.50,0.00 
1:20,23.68,56.50,0.00 
1:21,23.67,56.67,0.00 
1:22,23.67,56.67,0.00 
1:23,23.65,56.67,0.00 
1:24,23.65,56.67,0.00 
1:25,23.65,57.00,0.00 
1:26,23.67,56.67,0.00 
1:27,23.63,56.67,0.00 
1:28,23.63,56.33,0.00 
1:29,23.65,56.33,0.00 
1:30,23.63,56.33,0.00 
1:31,23.58,56.33,0.00 
1:32,23.52,56.50,0.00 
1:33,23.55,56.83,0.00 
1:34,23.53,56.50,0.00 
1:35,23.57,56.67,0.00 
1:36,23.50,56.83,0.00 
1:37,23.57,56.83,0.00 
1:38,23.57,56.83,0.00 
1:39,23.58,56.50,0.00 
1:40,23.55,56.50,0.00 
1:41,23.57,56.50,0.00 
1:42,23.55,56.67,0.00 
1:43,23.58,56.50,0.00 
1:44,23.60,56.33,0.00 
1:45,23.55,56.33,0.00 
1:46,23.57,56.50,0.00 
1:47,23.55,56.33,0.00 
1:48,23.52,56.33,0.00 
1:49,23.48,56.33,0.00 
1:50,23.47,56.50,0.00 
1:51,23.47,56.50,0.00 
1:52,23.52,56.17,0.00 
1:53,23.47,56.33,0.00 
1:54,23.48,56.33,0.00 
1:55,23.48,56.33,0.00 
1:56,23.43,56.17,0.00 
1:57,23.45,56.33,0.00 
1:58,23.48,56.33,0.00 
1:59,23.42,56.33,0.00 
2:0,23.40,56.50,0.00 
2:1,23.42,56.33,0.00 
2:2,23.42,56.33,0.00 
2:3,23.42,56.33,0.00 
2:4,23.40,56.17,0.00 
2:5,23.35,56.33,0.00 
2:6,23.37,56.50,0.00 
2:7,23.38,56.50,0.00 
2:8,23.37,56.67,0.00 
2:9,23.37,56.83,0.00 
2:10,23.37,56.67,0.00 
2:11,23.33,56.83,0.00 
2:12,23.32,56.83,0.00 
2:13,23.35,57.00,0.00 
2:14,23.37,56.83,0.00 
2:15,23.38,56.67,0.00 
2:16,23.33,56.67,0.00 
2:17,23.38,56.67,0.00 
2:18,23.40,57.00,0.00 
2:19,23.42,56.83,0.00 
2:20,23.38,56.67,0.00 
2:21,23.40,56.67,0.00 
2:22,23.37,56.67,0.00 
2:23,23.40,56.67,0.00 
2:24,23.42,56.83,0.00 
2:25,23.42,56.83,0.00 
2:26,23.38,56.50,0.00 
2:27,23.40,56.67,0.00 
2:28,23.37,56.67,0.00 
2:29,23.42,56.67,0.00 
2:30,23.43,56.50,0.00 
2:31,23.42,56.33,0.00 
2:32,23.40,56.17,0.00 
2:33,23.37,56.17,0.00 
2:34,23.35,56.33,0.00 
2:35,23.32,56.50,0.00 
2:36,23.30,56.50,0.00 
2:37,23.27,56.50,0.00 
2:38,23.32,56.50,0.00 
2:39,23.28,56.33,0.00 
2:40,23.32,56.33,0.00 
2:41,23.33,56.33,0.00 
2:42,23.30,56.67,0.00 
2:43,23.28,56.33,0.00 
2:44,23.28,56.33,0.00 
2:45,23.22,56.83,0.00 
2:46,23.17,57.00,0.00 
2:47,23.23,57.00,0.00 
2:48,23.25,56.67,0.00 
2:49,23.22,56.67,0.00 
2:50,23.25,56.67,0.00 
2:51,23.27,56.67,0.00 
2:52,23.28,56.50,0.00 
2:53,23.28,56.50,0.00 
2:54,23.22,56.33,0.00 
2:55,23.28,56.50,0.00 
2:56,23.27,56.33,0.00 
2:57,23.23,56.33,0.00 
2:58,23.22,56.50,0.00 
2:59,23.18,56.50,0.00 
3:0,23.23,56.33,0.00 
3:1,23.18,56.50,0.00 
3:2,23.15,56.50,0.00 
3:3,23.15,56.33,0.00 
3:4,23.15,56.33,0.00 
3:5,23.20,56.33,0.00 
3:6,23.22,56.33,0.00 
3:7,23.20,56.33,0.00 
3:8,23.22,56.50,0.00 
3:9,23.23,56.50,0.00 
3:10,23.17,56.33,0.00 
3:11,23.17,56.33,0.00 
3:12,nan,nan,0.00 
3:13,nan,nan,0.00 
3:14,nan,nan,0.00 
3:15,23.17,56.33,0.00 
3:16,23.13,56.33,0.00 
3:17,nan,nan,0.00 
3:18,23.03,56.17,0.00 
3:19,23.07,56.33,0.00 
3:20,23.02,56.17,0.00 
3:21,23.00,56.50,0.00 
3:22,23.02,56.67,0.00 
3:23,23.05,56.33,0.00 
3:24,23.02,56.33,0.00 
3:25,23.07,56.33,0.00 
3:26,23.03,56.33,0.00 
3:27,23.02,56.33,0.00 
3:28,23.07,56.33,0.00 
3:29,23.02,56.17,0.00 
3:30,23.00,56.50,0.00 
3:31,22.97,56.33,0.00 
3:32,22.95,56.33,0.00 
3:33,23.00,56.17,0.00 
3:34,22.98,56.17,0.00 
3:35,23.00,56.33,0.00 
3:36,22.97,56.50,0.00 
3:37,23.08,56.17,0.00 
3:38,22.98,56.17,0.00 
3:39,22.92,56.50,0.00 
3:40,22.92,56.67,0.00 
3:41,22.87,56.67,0.00 
3:42,22.90,56.67,0.00 
3:43,22.88,56.67,0.00 
3:44,22.93,56.83,0.00 
3:45,22.92,56.83,0.00 
3:46,22.93,56.67,0.00 
3:47,22.95,56.50,0.00 
3:48,22.92,56.50,0.00 
3:49,22.93,56.50,0.00 
3:50,22.90,56.50,0.00 
3:51,22.87,56.50,0.00 
3:52,22.87,56.83,0.00 
3:53,22.85,56.67,0.00 
3:54,22.80,56.83,0.00 
3:55,22.82,57.00,0.00 
3:56,22.85,57.00,0.00 
3:57,22.80,57.00,0.00 
3:58,22.82,57.00,0.00 
3:59,22.82,56.83,0.00 
4:0,22.80,57.00,0.00 
4:1,22.78,56.83,0.00 
4:2,22.75,57.00,0.00 
4:3,22.73,56.67,0.00 
4:4,22.72,56.83,0.00 
4:5,22.68,57.00,0.00 
4:6,22.73,56.83,0.00 
4:7,22.68,56.83,0.00 
4:8,22.67,57.00,0.00 
4:9,22.67,57.00,0.00 
4:10,22.65,57.17,0.00 
4:11,22.63,57.00,0.00 
4:12,22.70,57.33,0.00 
4:13,22.67,57.17,0.00 
4:14,22.72,57.17,0.00 
4:15,22.70,57.17,0.00 
4:16,22.65,57.33,0.00 
4:17,22.67,57.17,0.00 
4:18,22.68,57.33,0.00 
4:19,22.72,57.33,0.00 
4:20,22.65,57.33,0.00 
4:21,22.70,57.17,0.00 
4:22,22.65,57.33,0.00 
4:23,22.67,57.33,0.00 
4:24,22.67,57.33,0.00 
4:25,22.67,57.17,0.00 
4:26,22.65,57.00,0.00 
4:27,22.73,57.00,0.00 
4:28,22.70,57.17,0.00 
4:29,22.73,57.33,0.00 
4:30,22.72,57.33,0.00 
4:31,22.68,57.33,0.00 
4:32,22.72,57.17,0.00 
4:33,22.72,57.00,0.00 
4:34,22.70,57.17,0.00 
4:35,22.70,57.17,0.00 
4:36,22.72,57.17,0.00 
4:37,22.75,57.33,0.00 
4:38,22.72,57.00,0.00 
4:39,22.72,57.17,0.00 
4:40,22.70,57.00,0.00 
4:41,22.72,57.00,0.00 
4:42,22.68,57.33,0.00 
4:43,22.77,57.33,0.00 
4:44,22.72,57.33,0.00 
4:45,22.78,57.33,0.00 
4:46,22.68,57.33,0.00 
4:47,22.68,57.33,0.00 
4:48,22.70,57.33,0.00 
4:49,22.67,57.17,0.00 
4:50,22.68,57.33,0.00 
4:51,22.67,57.17,0.00 
4:52,22.68,57.33,0.00 
4:53,22.70,57.33,0.00 
4:54,22.70,57.33,0.00 
4:55,22.70,57.33,0.00 
4:56,22.65,57.17,0.00 
4:57,22.70,57.17,0.00 
4:58,22.73,57.00,0.00 
4:59,22.72,57.00,0.00 
5:0,22.67,56.83,0.00 
5:1,22.67,57.00,0.00 
5:2,22.70,56.83,0.00 
5:3,22.68,56.83,0.00 
5:4,22.70,57.17,0.00 
5:5,22.67,57.00,0.00 
5:6,22.67,57.00,0.00 
5:7,22.67,57.00,0.00 
5:8,22.63,56.67,0.00 
5:9,22.65,57.00,0.00 
5:10,22.67,56.83,0.00 
5:11,22.68,57.00,0.00 
5:12,22.68,57.00,0.00 
5:13,22.67,56.83,0.00 
5:14,22.67,57.00,0.00 
5:15,22.73,56.83,0.00 
5:16,22.65,57.17,0.00 
5:17,22.70,57.17,0.00 
5:18,22.63,57.17,0.00 
5:19,22.63,57.17,0.00 
5:20,22.60,57.17,0.00 
5:21,22.62,57.17,0.00 
5:22,22.60,57.17,0.00 
5:23,22.63,57.17,0.00 
5:24,22.58,57.33,0.00 
5:25,22.63,57.17,0.00 
5:26,22.63,57.17,0.00 
5:27,22.67,57.17,0.00 
5:28,22.62,57.17,0.00 
5:29,22.60,57.17,0.00 
5:30,22.65,57.33,0.00 
5:31,22.65,57.33,0.00 
5:32,22.60,57.33,0.00 
5:33,22.57,57.50,0.00 
5:34,22.58,57.17,0.00 
5:35,22.58,57.33,0.00 
5:36,22.58,57.33,0.00 
5:37,22.57,57.33,0.00 
5:38,22.53,57.17,0.00 
5:39,22.52,57.17,0.00 
5:40,22.50,57.17,0.00 
5:41,22.50,57.33,0.00 
5:42,22.50,57.33,0.00 
5:43,22.50,57.00,0.00 
5:44,22.45,57.17,0.00 
5:45,22.43,57.17,0.00 
5:46,22.38,57.17,0.00 
5:47,22.37,57.33,0.00 
5:48,22.37,57.67,0.00 
5:49,22.42,57.17,0.00 
5:50,22.40,57.17,0.00 
5:51,22.40,57.00,0.00 
5:52,22.38,56.83,0.00 
5:53,22.40,57.17,0.00 
5:54,22.37,57.00,0.00 
5:55,22.42,56.83,0.00 
5:56,22.42,56.83,0.00 
5:57,22.35,56.67,0.00 
5:58,22.37,56.67,0.00 
5:59,22.40,56.67,0.00 
6:0,22.32,56.50,0.00 
6:1,22.30,56.67,0.00 
6:2,22.30,56.50,0.00 
6:3,22.30,56.50,0.00 
6:4,22.28,56.17,0.00 
6:5,22.27,56.33,0.00 
6:6,22.25,56.33,0.00 
6:7,22.25,56.33,0.00 
6:8,22.22,56.50,0.00 
6:9,22.18,56.50,0.00 
6:10,22.20,56.50,0.00 
6:11,22.18,56.83,0.00 
6:12,22.22,56.67,0.00 
6:13,22.22,56.50,0.00 
6:14,22.20,56.50,0.00 
6:15,22.17,56.67,0.00 
6:16,22.17,56.50,0.00 
6:17,22.17,56.33,0.00 
6:18,22.13,56.67,0.00 
6:19,22.18,56.67,0.00 
6:20,22.17,56.50,0.00 
6:21,22.10,56.50,0.00 
6:22,22.07,56.33,0.00 
6:23,22.08,56.33,0.00 
6:24,22.08,56.50,0.00 
6:25,22.05,56.33,0.00 
6:26,22.03,56.50,0.00 
6:27,22.07,56.50,0.00 
6:28,22.07,56.83,0.00 
6:29,22.05,56.50,0.00 
6:30,22.05,56.50,0.00 
6:31,22.05,56.67,0.00 
6:32,22.07,56.50,0.00 
6:33,22.03,56.83,0.00 
6:34,22.07,56.67,0.00 
6:35,22.05,56.67,0.00 
6:36,22.02,56.83,0.00 
6:37,22.07,57.00,0.00 
6:38,22.07,57.17,0.00 
6:39,22.03,57.17,0.00 
6:40,22.05,57.33,0.00 
6:41,22.05,57.33,0.00 
6:42,21.98,57.67,0.00 
6:43,21.97,57.67,0.00 
6:44,21.95,57.67,0.00 
6:45,22.00,57.67,0.00 
6:46,21.98,57.67,0.00 
6:47,22.00,57.83,0.00 
6:48,22.05,57.67,0.00 
6:49,22.08,57.33,0.00 
6:50,22.07,57.33,0.00 
6:51,22.10,57.67,0.00 
6:52,22.10,57.33,0.00 
6:53,22.07,57.33,0.00 
6:54,22.03,57.67,0.00 
6:55,22.07,57.33,0.00 
6:56,22.08,57.50,0.00 
6:57,22.00,57.83,0.00 
6:58,22.05,57.83,0.00 
6:59,22.00,57.67,0.00 
7:0,22.08,57.67,0.00 
7:1,22.03,58.17,0.00 
7:2,22.05,58.17,0.00 
7:3,22.05,58.17,0.00 
7:4,22.10,58.17,0.00 
7:5,22.12,58.33,0.00 
7:6,22.15,58.17,0.00 
7:7,22.15,58.17,0.00 
7:8,22.18,58.33,0.00 
7:9,22.13,58.33,0.00 
7:10,22.18,58.33,0.00 
7:11,22.20,58.33,0.00 
7:12,22.18,58.50,0.00 
7:13,22.20,58.50,0.00 
7:14,22.25,58.50,0.00 
7:15,22.27,58.33,0.00 
7:16,22.28,58.50,0.00 
7:17,22.25,58.33,0.00 
7:18,22.27,58.33,0.00 
7:19,22.27,58.33,0.00 
7:20,22.25,58.50,0.00 
7:21,22.27,58.33,0.00 
7:22,22.30,58.33,0.00 
7:23,22.30,58.33,0.00 
7:24,22.27,58.33,0.00 
7:25,22.27,58.33,0.00 
7:26,22.28,58.33,0.00 
7:27,22.30,58.33,0.00 
7:28,22.32,58.33,0.00 
7:29,22.35,58.50,0.00 
7:30,22.37,58.50,0.00 
7:31,22.35,58.50,0.00 
7:32,22.33,58.50,0.00 
7:33,22.42,58.50,0.00 
7:34,22.45,58.50,0.00 
7:35,22.45,58.50,0.00 
7:36,22.43,58.50,0.00 
7:37,22.48,58.50,0.00 
7:38,22.40,58.33,0.00 
7:39,22.42,58.67,0.00 
7:40,22.42,58.67,0.00 
7:41,22.42,58.67,0.00 
7:42,22.45,58.50,0.00 
7:43,22.50,58.50,0.00 
7:44,22.52,58.50,0.00 
7:45,22.52,58.67,0.00 
7:46,22.55,58.67,0.00 
7:47,22.65,58.50,0.00 
7:48,22.72,57.67,0.00 
7:49,22.78,57.17,0.00 
7:50,22.78,57.17,0.00 
7:51,22.75,57.17,0.00 
7:52,22.85,57.50,0.00 
7:53,22.85,57.17,0.00 
7:54,22.87,57.00,0.00 
7:55,22.88,57.00,0.00 
7:56,22.88,57.17,0.00 
7:57,22.88,57.50,0.00 
7:58,22.88,57.33,0.00 
7:59,22.95,57.33,0.00 
8:0,22.95,57.33,0.00 
8:1,22.98,57.33,0.00 
8:2,23.00,57.00,0.00 
8:3,23.03,57.17,0.00 
8:4,23.05,57.33,0.00 
8:5,23.05,57.33,0.00 
8:6,23.07,57.17,0.00 
8:7,23.10,57.17,0.00 
8:8,23.20,56.83,0.00 
8:9,23.20,57.17,0.00 
8:10,23.23,57.00,0.00 
8:11,23.27,56.83,0.00 
8:12,23.30,56.83,0.00 
8:13,23.30,56.67,0.00 
8:14,23.32,56.67,0.00 
8:15,23.33,56.83,0.00 
8:16,23.43,56.83,0.00 
8:17,23.42,56.83,0.00 
8:18,23.47,56.83,0.00 
8:19,23.52,56.50,0.00 
8:20,23.50,56.17,0.00 
8:21,23.55,56.33,0.00 
8:22,23.55,56.67,0.00 
8:23,23.65,56.67,0.00 
8:24,23.72,56.67,0.00 
8:25,23.72,56.50,0.00 
8:26,23.77,56.67,0.00 
8:27,23.78,56.67,0.00 
8:28,23.87,56.67,0.00 
8:29,23.83,56.33,0.00 
8:30,23.90,56.33,0.00 
8:31,23.90,56.50,0.00 
8:32,23.92,56.50,0.00 
8:33,23.93,56.33,0.00 
8:34,24.02,56.33,0.00 
8:35,24.00,56.33,0.00 
8:36,24.03,56.33,0.00 
8:37,24.02,56.33,0.00 
8:38,24.08,56.50,0.00 
8:39,24.20,56.17,0.00 
8:40,24.23,55.83,0.00 
8:41,24.30,55.67,0.00 
8:42,24.37,55.17,0.00 
8:43,24.40,55.50,0.00 
8:44,24.48,55.67,0.00 
8:45,24.47,55.33,0.00 
8:46,24.52,55.33,0.00 
8:47,24.53,55.00,0.00 
8:48,24.58,55.33,0.00 
8:49,24.63,55.17,0.00 
8:50,24.67,55.17,0.00 
8:51,24.65,55.00,0.00 
8:52,24.72,54.67,0.00 
8:53,24.72,54.00,0.00 
8:54,24.55,54.17,0.00 
8:55,24.42,54.33,0.00 
8:56,24.37,54.83,0.00 
8:57,24.27,55.17,0.00 
8:58,24.18,55.17,0.00 
8:59,24.10,55.67,0.00 
9:0,24.07,55.17,0.00 
9:1,23.90,55.33,0.00 
9:2,23.75,56.00,0.00 
9:3,23.65,56.33,0.00 
9:4,23.62,56.67,0.00 
9:5,23.60,56.83,0.00 
9:6,23.57,56.67,0.00 
9:7,23.55,56.67,0.00 
9:8,23.52,56.67,0.00 
9:9,23.52,56.83,0.00 
9:10,23.53,57.00,0.00 
9:11,23.55,57.17,0.00 
9:12,23.53,57.50,0.00 
9:13,23.55,57.50,0.00 
9:14,23.55,57.50,0.00 
9:15,23.57,57.33,0.00 
9:16,23.55,57.33,0.00 
9:17,23.55,57.33,0.00 
9:18,23.60,57.50,0.00 
9:19,23.58,57.50,0.00 
9:20,23.60,57.67,0.00 
9:21,23.62,57.50,0.00 
9:22,23.63,57.00,0.00 
9:23,23.65,57.00,0.00 
9:24,23.65,57.00,0.00 
9:25,23.63,56.83,0.00 
9:26,23.70,57.00,0.00 
9:27,23.70,57.00,0.00 
9:28,23.70,57.33,0.00 
9:29,23.68,56.83,0.00 
9:30,23.75,56.67,0.00 
9:31,23.72,56.83,0.00 
9:32,23.75,56.83,0.00 
9:33,23.80,56.67,0.00 
9:34,23.80,56.50,0.00 
9:35,23.80,56.50,0.00 
9:36,23.82,56.67,0.00 
9:37,23.85,56.33,0.00 
9:38,23.87,56.33,0.00 
9:39,23.88,56.50,0.00 
9:40,23.92,56.33,0.00 
9:41,23.93,56.33,0.00 
9:42,23.97,56.17,0.00 
9:43,23.98,55.83,0.00 
9:44,24.03,55.83,0.00 
9:45,24.03,55.67,0.00 
9:46,24.07,55.67,0.00 
9:47,24.10,55.67,0.00 
9:48,24.15,55.67,0.00 
9:49,24.15,55.67,0.00 
9:50,24.20,55.33,0.00 
9:51,24.23,55.17,0.00 
9:52,24.22,55.17,0.00 
9:53,24.28,55.00,0.00 
9:54,24.30,55.33,0.00 
9:55,24.32,55.50,0.00 
9:56,24.37,55.33,0.00 
9:57,24.33,55.17,0.00 
9:58,24.32,54.83,0.00 
9:59,24.37,55.33,0.00 
10:0,24.37,55.33,0.00 
10:1,24.42,54.83,0.00 
10:2,24.45,54.83,0.00 
10:3,24.45,54.67,0.00 
10:4,24.50,54.50,0.00 
10:5,24.52,53.83,0.00 
10:6,24.52,53.83,0.00 
10:7,24.53,54.00,0.00 
10:8,24.53,54.50,0.00 
10:9,24.55,54.67,0.00 
10:10,24.57,54.67,0.00 
10:11,24.57,54.17,0.00 
10:12,24.57,54.33,0.00 
10:13,24.62,54.50,0.00 
10:14,24.67,53.67,0.00 
10:15,24.67,53.67,0.00 
10:16,24.72,54.00,0.00 
10:17,24.73,53.83,0.00 
10:18,24.73,53.83,0.00 
10:19,24.77,53.83,0.00 
10:20,24.85,53.83,0.00 
10:21,24.85,53.67,0.00 
10:22,24.87,53.50,0.00 
10:23,24.85,53.33,0.00 
10:24,24.92,53.50,0.00 
10:25,24.92,53.67,0.00 
10:26,24.93,53.50,0.00 
10:27,24.93,53.33,0.00 
10:28,24.98,53.33,0.00 
10:29,24.98,53.33,0.00 
10:30,25.00,53.33,0.00 
10:31,25.05,53.17,0.00 
10:32,25.07,53.00,0.00 
10:33,25.08,52.83,0.00 
10:34,25.03,52.67,0.00 
10:35,25.05,53.00,0.00 
10:36,25.02,52.50,0.00 
10:37,25.02,52.67,0.00 
10:38,25.05,52.67,0.00 
10:39,25.05,52.00,0.00 
10:40,25.08,51.83,0.00 
10:41,25.12,51.50,0.00 
10:42,25.15,51.67,0.00 
10:43,25.15,51.50,0.00 
10:44,25.18,51.50,0.00 
10:45,25.20,51.67,0.00 
10:46,25.22,51.50,0.00 
10:47,25.20,51.83,0.00 
10:48,25.15,51.83,0.00 
10:49,25.23,52.17,0.00 
10:50,25.27,51.83,0.00 
10:51,25.27,51.33,0.00 
10:52,25.33,50.83,0.00 
10:53,25.30,51.00,0.00 
10:54,25.33,50.83,0.00 
10:55,25.35,50.67,0.00 
10:56,25.35,50.50,0.00 
10:57,25.35,50.50,0.00 
10:58,25.35,50.50,0.00 
10:59,25.30,50.50,0.00 
11:0,25.30,50.17,0.00 
11:1,25.37,50.17,0.00 
11:2,25.35,50.17,0.00 
11:3,25.33,50.50,0.00 
11:4,25.37,50.50,0.00 
11:5,25.42,50.33,0.00 
11:6,25.38,50.17,0.00 
11:7,25.38,49.83,0.00 
11:8,25.37,49.83,0.00 
11:9,25.40,49.67,0.00 
11:10,25.37,49.83,0.00 
11:11,25.43,48.83,0.00 
11:12,25.45,48.33,0.00 
11:13,25.48,48.83,0.00 
11:14,25.48,48.83,0.00 
11:15,25.43,48.83,0.00 
11:16,25.47,49.00,0.00 
11:17,25.53,48.83,0.00 
11:18,25.60,48.67,0.00 
11:19,25.60,48.50,0.00 
11:20,25.62,48.50,0.00 
11:21,25.60,48.33,0.00 
11:22,25.62,48.33,0.00 
11:23,25.62,48.33,0.00 
11:24,25.63,48.33,0.00 
11:25,25.63,48.00,0.00 
11:26,25.68,48.00,0.00 
11:27,25.67,48.50,0.00 
11:28,25.65,48.50,0.00 
11:29,25.67,48.33,0.00 
11:30,25.72,48.83,0.00 
11:31,25.68,48.50,0.00 
11:32,25.72,48.67,0.00 
11:33,25.67,48.67,0.00 
11:34,25.73,48.67,0.00 
11:35,25.73,48.33,0.00 
11:36,25.72,48.00,0.00 
11:37,25.77,48.17,0.00 
11:38,25.78,48.00,0.00 
11:39,25.77,47.67,0.00 
11:40,25.83,47.50,0.00 
11:41,25.80,47.67,0.00 
11:42,25.82,47.17,0.00 
11:43,25.82,47.00,0.00 
11:44,25.83,47.00,0.00 
11:45,25.83,47.00,0.00 
11:46,25.85,46.83,0.00 
11:47,25.85,47.00,0.00 
11:48,25.83,47.00,0.00 
11:49,25.87,47.17,0.00 
11:50,25.95,47.17,0.00 
11:51,25.90,47.33,0.00 
11:52,25.93,47.50,0.00 
11:53,25.97,47.33,0.00 
11:54,26.00,47.50,0.00 
11:55,26.02,47.33,0.00 
11:56,26.02,47.17,0.00 
11:57,26.05,47.00,0.00 
11:58,26.03,46.83,0.00 
11:59,26.05,47.00,0.00 
12:0,26.07,46.83,0.00 
12:1,26.08,46.83,0.00 
12:2,26.10,46.83,0.00 
12:3,26.12,46.83,0.00 
12:4,26.12,46.50,0.00 
12:5,26.13,46.00,0.00 
12:6,26.12,46.50,0.00 
12:7,26.13,46.33,0.00 
12:8,26.15,46.33,0.00 
12:9,26.15,46.00,0.00 
12:10,26.13,46.00,0.00 
12:11,26.15,46.33,0.00 
12:12,26.15,45.67,0.00 
12:13,26.13,46.00,0.00 
12:14,26.17,45.50,0.00 
12:15,26.20,45.67,0.00 
12:16,26.15,45.33,0.00 
12:17,26.17,45.50,0.00 
12:18,26.10,45.50,0.00 
12:19,26.10,45.00,0.00 
12:20,26.10,44.83,0.00 
12:21,26.07,45.17,0.00 
12:22,26.13,44.67,0.00 
12:23,26.15,44.17,0.00 
12:24,26.13,44.00,0.00 
12:25,26.15,44.00,0.00 
12:26,26.13,44.33,0.00 
12:27,26.15,44.50,0.00 
12:28,26.18,44.50,0.00 
12:29,26.22,45.00,0.00 
12:30,26.23,45.17,0.00 
12:31,26.25,44.83,0.00 
12:32,26.32,44.83,0.00 
12:33,26.40,44.17,0.00 
12:34,26.43,43.00,0.00 
12:35,26.42,42.83,0.00 
12:36,26.42,43.17,0.00 
12:37,26.45,43.17,0.00 
12:38,26.45,42.67,0.00 
12:39,26.45,43.17,0.00 
12:40,26.50,43.33,0.00 
12:41,26.53,43.17,0.00 
12:42,26.52,43.67,0.00 
12:43,26.58,43.17,0.00 
12:44,26.60,44.00,0.00 
12:45,26.62,43.67,0.00 
12:46,26.60,44.17,0.00 
12:47,26.65,44.17,0.00 
12:48,26.62,44.33,0.00 
12:49,26.67,44.17,0.00 
12:50,26.70,44.00,0.00 
12:51,26.73,43.83,0.00 
12:52,26.77,43.83,0.00 
12:53,26.78,43.33,0.00 
12:54,26.83,43.67,0.00 
12:55,26.83,43.67,0.00 
12:56,26.88,43.67,0.00 
12:57,26.92,43.67,0.00 
12:58,26.88,43.67,0.00 
12:59,26.87,43.83,0.00 
13:0,26.85,44.00,0.00 
13:1,26.80,44.17,0.00 
13:2,26.80,44.67,0.00 
13:3,26.82,44.67,0.00 
13:4,26.65,44.50,0.00 
13:5,26.52,45.00,0.00 
13:6,26.43,45.17,0.00 
13:7,26.37,45.17,0.00 
13:8,26.33,45.33,0.00 
13:9,26.27,45.17,0.00 
13:10,26.23,45.17,0.00 
13:11,26.23,45.67,0.00 
13:12,26.15,45.50,0.00 
13:13,26.13,45.33,0.00 
13:14,26.12,45.50,0.00 
13:15,26.10,44.83,0.00 
13:16,26.10,44.67,0.00 
13:17,26.05,44.17,0.00 
13:18,26.02,44.00,0.00 
13:19,26.02,44.50,0.00 
13:20,26.00,44.50,0.00 
13:21,26.05,44.00,0.00 
13:22,26.05,43.67,0.00 
13:23,26.00,44.67,0.00 
13:24,26.02,44.67,0.00 
13:25,25.97,44.67,0.00 
13:26,26.00,44.67,0.00 
13:27,25.95,44.50,0.00 
13:28,25.95,44.83,0.00 
13:29,25.95,45.33,0.00 
13:30,25.98,45.00,0.00 
13:31,25.95,45.00,0.00 
13:32,25.98,45.00,0.00 
13:33,25.98,44.67,0.00 
13:34,26.00,45.17,0.00 
13:35,26.07,45.17,0.00 
13:36,26.03,45.33,0.00 
13:37,26.02,45.50,0.00 
13:38,25.98,45.83,0.00 
13:39,25.98,45.33,0.00 
13:40,26.00,45.33,0.00 
13:41,26.03,44.67,0.00 
13:42,26.02,44.50,0.00 
13:43,26.02,44.33,0.00 
13:44,25.97,44.83,0.00 
13:45,26.00,45.33,0.00 
13:46,25.92,45.50,0.00 
13:47,25.92,45.50,0.00 
13:48,25.93,45.67,0.00 
13:49,25.93,45.50,0.00 
13:50,25.93,45.50,0.00 
13:51,25.95,45.67,0.00 
13:52,25.97,45.33,0.00 
13:53,25.98,44.83,0.00 
13:54,26.05,44.50,0.00 
13:55,26.00,45.33,0.00 
13:56,26.00,45.67,0.00 
13:57,25.95,45.83,0.00 
13:58,25.95,46.33,0.00 
13:59,25.97,45.17,0.00 
14:0,26.02,44.17,0.00 
14:1,25.98,44.50,0.00 
14:2,26.02,44.50,0.00 
14:3,26.00,44.50,0.00 
14:4,25.98,43.83,0.00 
14:5,26.03,43.00,0.00 
14:6,26.03,43.50,0.00 
14:7,26.00,43.83,0.00 
14:8,25.98,44.50,0.00 
14:9,25.93,44.33,0.00 
14:10,25.93,44.17,0.00 
14:11,25.93,44.50,0.00 
14:12,25.90,44.50,0.00 
14:13,25.88,44.00,0.00 
14:14,25.92,44.50,0.00 
14:15,25.93,44.67,0.00 
14:16,25.93,45.17,0.00 
14:17,25.93,44.67,0.00 
14:18,25.93,44.67,0.00 
14:19,25.93,44.67,0.00 
14:20,25.95,44.17,0.00 
14:21,25.95,43.50,0.00 
14:22,25.87,44.17,0.00 
14:23,25.87,43.83,0.00 
14:24,25.85,43.67,0.00 
14:25,25.87,43.50,0.00 
14:26,25.87,43.83,0.00 
14:27,25.83,43.83,0.00 
14:28,25.87,43.67,0.00 
14:29,25.80,43.50,0.00 
14:30,25.85,43.33,0.00 
14:31,25.87,43.33,0.00 
14:32,25.83,43.67,0.00 
14:33,25.80,43.67,0.00 
14:34,25.78,43.67,0.00 
14:35,25.75,43.83,0.00 
14:36,25.75,44.33,0.00 
14:37,25.73,44.17,0.00 
14:38,25.72,44.67,0.00 
14:39,25.73,44.50,0.00 
14:40,25.70,44.67,0.00 
14:41,25.70,45.00,0.00 
14:42,25.70,45.00,0.00 
14:43,25.72,44.50,0.00 
14:44,25.63,44.83,0.00 
14:45,25.67,45.00,0.00 
14:46,25.63,44.83,0.00 
14:47,25.63,44.83,0.00 
14:48,25.63,44.83,0.00 
14:49,25.60,44.50,0.00 
14:50,25.62,44.00,0.00 
14:51,25.63,43.67,0.00 
14:52,25.63,43.17,0.00 
14:53,25.60,43.33,0.00 
14:54,25.60,43.33,0.00 
14:55,25.58,43.83,0.00 
14:56,25.58,44.17,0.00 
14:57,25.52,44.33,0.00 
14:58,25.57,44.50,0.00 
14:59,25.55,44.83,0.00 
15:0,25.55,44.67,0.00 
15:1,25.53,44.67,0.00 
15:2,25.53,44.67,0.00 
15:3,25.50,45.00,0.00 
15:4,25.53,44.50,0.00 
15:5,25.52,44.00,0.00 
15:6,25.50,45.00,0.00 
15:7,25.52,45.17,0.00 
15:8,25.43,45.83,0.00 
15:9,25.33,45.67,0.00 
15:10,25.35,45.33,0.00 
15:11,25.37,45.83,0.00 
15:12,25.32,45.33,0.00 
15:13,25.32,45.33,0.00 
15:14,25.33,45.33,0.00 
15:15,25.33,45.50,0.00 
15:16,25.33,45.83,0.00 
15:17,25.33,46.00,0.00 
15:18,25.32,46.33,0.00 
15:19,25.30,46.33,0.00 
15:20,25.28,46.33,0.00 
15:21,25.23,46.67,0.00 
15:22,25.20,46.67,0.00 
15:23,25.20,46.67,0.00 
15:24,25.17,46.83,0.00 
15:25,25.17,47.33,0.00 
15:26,25.13,47.50,0.00 
15:27,25.12,47.67,0.00 
15:28,25.17,47.67,0.00 
15:29,25.12,47.67,0.00 
15:30,25.17,47.67,0.00 
15:31,25.13,48.17,0.00 
15:32,25.15,48.50,0.00 
15:33,25.10,48.50,0.00 
15:34,25.10,48.67,0.00 
15:35,25.08,48.83,0.00 
15:36,25.08,48.83,0.00 
15:37,25.07,48.83,0.00 
15:38,25.05,48.83,0.00 
15:39,25.02,48.83,0.00 
15:40,25.00,48.83,0.00 
15:41,24.97,48.83,0.00 
15:42,24.95,49.00,0.00 
15:43,24.98,49.50,0.00 
15:44,24.97,49.67,0.00 
15:45,24.93,49.50,0.00 
15:46,24.98,49.83,0.00 
15:47,24.93,50.00,0.00 
15:48,24.93,50.33,0.00 
15:49,24.97,50.33,0.00 
15:50,24.93,50.33,0.00 
15:51,24.92,50.00,0.00 
15:52,24.93,50.17,0.00 
15:53,24.92,50.50,0.00 
15:54,24.88,50.33,0.00 
15:55,24.90,50.67,0.00 
15:56,24.83,50.83,0.00 
15:57,24.80,51.00,0.00 
15:58,24.82,51.00,0.00 
15:59,24.80,50.67,0.00 
16:0,24.75,50.83,0.00 
16:1,24.80,50.67,0.00 
16:2,24.73,50.83,0.00 
16:3,24.73,51.00,0.00 
16:4,24.67,51.00,0.00 
16:5,24.68,51.17,0.00 
16:6,24.67,51.33,0.00 
16:7,24.65,51.50,0.00 
16:8,24.62,51.67,0.00 
16:9,24.62,51.83,0.00 
16:10,24.55,52.17,0.00 
16:11,24.60,52.17,0.00 
16:12,24.60,52.33,0.00 
16:13,24.57,52.33,0.00 
16:14,24.53,52.83,0.00 
16:15,24.52,53.00,0.00 
16:16,24.52,53.00,0.00 
16:17,24.53,53.50,0.00 
16:18,24.50,53.50,0.00 
16:19,24.47,53.50,0.00 
16:20,24.45,53.50,0.00 
16:21,24.40,53.50,0.00 
16:22,24.37,53.50,0.00 
16:23,24.38,53.50,0.00 
16:24,24.33,53.67,0.00 
16:25,24.30,53.67,0.00 
16:26,24.28,53.83,0.00 
16:27,24.30,53.67,0.00 
16:28,24.28,53.67,0.00 
16:29,24.27,53.67,0.00 
16:30,24.20,53.67,0.00 
16:31,24.23,53.67,0.00 
16:32,24.22,53.67,0.00 
16:33,24.20,53.67,0.00 
16:34,24.17,53.50,0.00 
16:35,24.12,53.67,0.00 
16:36,24.15,53.67,0.00 
16:37,24.12,53.67,0.00 
16:38,24.08,53.67,0.00 
16:39,24.17,53.67,0.00 
16:40,24.53,53.50,0.00 
16:41,24.77,52.00,0.00 
16:42,24.97,51.67,0.00 
16:43,25.12,50.33,0.00 
16:44,25.20,50.33,0.00 
16:45,25.28,51.00,0.00 
16:46,25.47,51.17,0.00 
