16:53,25.70,49.83,0.00 
16:54,25.78,50.00,0.00 
16:55,25.77,50.33,0.00 
16:56,25.80,49.67,0.00 
16:57,25.73,49.67,0.00 
16:58,25.63,50.00,0.00 
16:59,25.53,49.83,0.00 
17:0,25.50,50.33,0.00 
17:2,25.37,50.33,0.00 
17:3,25.30,50.67,0.00 
17:4,25.30,51.83,0.00 
17:5,25.37,52.00,0.00 
17:6,25.43,51.50,0.00 
17:7,25.50,51.50,0.00 
17:8,25.55,51.83,0.00 
17:9,25.55,51.83,0.00 
17:10,25.58,51.50,0.00 
17:11,25.57,51.17,0.00 
17:12,25.58,51.17,0.00 
17:13,25.60,51.00,0.00 
17:14,25.60,51.00,0.00 
17:15,25.68,50.83,0.00 
17:16,25.62,50.67,0.00 
17:17,25.65,50.50,0.00 
17:18,25.63,50.67,0.00 
17:19,25.65,50.67,0.00 
17:20,25.62,50.83,0.00 
17:21,25.65,50.83,0.00 
17:22,25.68,50.83,0.00 
17:23,25.67,51.17,0.00 
17:24,25.63,50.83,0.00 
17:25,25.47,50.00,0.00 
17:26,25.35,50.00,0.00 
17:27,25.22,50.50,0.00 
17:28,25.13,51.00,0.00 
17:29,25.08,51.83,0.00 
17:30,25.18,52.33,0.00 
17:31,25.27,52.00,0.00 
17:32,25.33,51.50,0.00 
17:33,25.23,50.50,0.00 
17:34,25.17,50.83,0.00 
17:39,24.90,52.67,0.00 
17:40,24.90,53.33,0.00 
17:41,24.98,53.67,0.00 
17:42,24.98,53.33,0.00 
17:43,25.10,53.33,0.00 
17:44,25.13,53.17,0.00 
17:45,25.17,52.83,0.00 
17:46,25.20,53.17,0.00 
17:47,25.25,53.33,0.00 
17:48,25.18,53.33,0.00 
17:50,25.22,52.67,0.00 
17:51,25.17,52.83,0.00 
17:52,25.18,53.00,0.00 
17:53,25.17,53.50,0.00 
17:54,25.20,53.17,0.00 
17:55,25.20,53.33,0.00 
17:56,25.22,53.17,0.00 
17:57,25.27,53.67,0.00 
17:58,25.28,53.83,0.00 
17:59,25.37,53.67,0.00 
18:0,25.40,53.33,0.00 
18:1,25.45,53.33,0.00 
18:2,25.50,53.50,0.00 
18:3,25.53,52.83,0.00 
18:4,25.42,53.17,0.00 
18:5,25.43,53.00,0.00 
18:6,25.52,53.17,0.00 
18:7,25.55,52.83,0.00 
18:8,25.55,52.67,0.00 
18:9,25.55,52.83,0.00 
18:10,25.60,52.17,0.00 
18:11,25.58,52.17,0.00 
18:12,25.60,52.00,0.00 
18:13,25.62,52.17,0.00 
18:14,25.67,52.17,0.00 
18:15,25.67,52.00,0.00 
18:16,25.67,52.17,0.00 
18:17,25.67,52.33,0.00 
18:18,25.65,52.33,0.00 
18:19,25.63,52.83,0.00 
18:20,25.47,53.50,0.00 
18:21,25.28,53.83,0.00 
18:22,25.22,54.17,0.00 
18:23,25.32,54.00,0.00 
18:24,25.48,53.33,0.00 
18:25,25.52,52.83,0.00 
18:26,25.57,52.33,0.00 
18:27,25.60,52.50,0.00 
18:28,25.68,52.33,0.00 
18:29,25.63,51.83,0.00 
18:30,25.65,52.00,0.00 
18:31,25.67,51.50,0.00 
18:32,25.67,51.67,0.00 
18:33,25.65,51.67,0.00 
18:34,25.65,52.00,0.00 
18:35,25.68,52.00,0.00 
18:36,25.70,51.83,0.00 
18:37,25.75,51.67,0.00 
18:38,25.70,51.83,0.00 
18:39,25.72,51.83,0.00 
18:40,25.67,52.00,0.00 
18:41,25.72,52.00,0.00 
18:42,25.67,51.83,0.00 
18:43,25.72,52.00,0.00 
18:44,25.67,52.00,0.00 
18:45,25.65,52.00,0.00 
18:46,25.73,51.83,0.00 
18:47,25.68,52.00,0.00 
18:48,25.70,52.00,0.00 
18:49,25.68,51.83,0.00 
18:50,25.65,51.67,0.00 
18:51,25.65,51.83,0.00 
18:52,25.60,51.83,0.00 
18:53,25.62,51.83,0.00 
18:54,25.60,52.00,0.00 
18:55,25.60,52.00,0.00 
18:56,25.57,52.00,0.00 
18:57,25.55,51.83,0.00 
18:58,25.57,51.83,0.00 
18:59,25.57,51.83,0.00 
19:0,25.57,52.00,0.00 
19:1,25.53,52.17,0.00 
19:2,25.53,52.00,0.00 
19:3,25.57,52.17,0.00 
19:4,25.55,52.00,0.00 
19:5,25.55,52.33,0.00 
19:6,25.50,52.17,0.00 
19:7,25.53,52.50,0.00 
19:8,25.52,52.33,0.00 
19:9,25.45,52.50,0.00 
19:10,25.52,52.33,0.00 
19:11,25.47,52.33,0.00 
19:12,25.52,52.50,0.00 
19:13,25.50,52.33,0.00 
19:14,25.48,52.67,0.00 
19:15,25.50,52.67,0.00 
19:16,25.47,53.00,0.00 
19:17,25.47,52.67,0.00 
19:18,25.52,52.83,0.00 
19:19,25.52,52.83,0.00 
19:20,25.52,52.83,0.00 
19:21,25.50,53.17,0.00 
19:22,25.47,53.17,0.00 
19:23,25.52,53.17,0.00 
19:24,25.48,53.33,0.00 
19:25,25.50,53.50,0.00 
19:26,25.45,53.50,0.00 
19:27,25.48,53.67,0.00 
19:28,25.45,53.67,0.00 
19:29,25.40,53.83,0.00 
19:30,25.40,53.83,0.00 
19:31,25.38,54.00,0.00 
19:32,25.32,53.83,0.00 
19:33,25.33,53.83,0.00 
19:34,25.27,54.17,0.00 
19:35,25.30,54.00,0.00 
19:36,25.27,54.33,0.00 
19:37,25.27,54.17,0.00 
19:38,25.25,54.17,0.00 
19:39,25.20,54.17,0.00 
19:40,25.13,54.67,0.00 
19:41,25.22,54.67,0.00 
19:42,25.25,54.17,0.00 
19:43,25.27,54.17,0.00 
19:44,25.27,54.17,0.00 
19:45,25.23,54.17,0.00 
19:46,25.18,54.17,0.00 
19:47,25.15,54.33,0.00 
19:48,25.17,54.50,0.00 
19:49,25.17,54.17,0.00 
19:50,25.17,54.50,0.00 
19:51,25.10,54.67,0.00 
19:52,25.15,54.67,0.00 
19:53,25.13,54.50,0.00 
19:54,25.13,54.67,0.00 
19:55,25.10,54.67,0.00 
19:56,25.10,54.67,0.00 
19:57,25.07,54.50,0.00 
19:58,24.97,54.33,0.00 
19:59,24.90,55.17,0.00 
20:0,24.92,55.17,0.00 
20:1,24.93,55.17,0.00 
20:2,24.93,55.00,0.00 
20:3,24.90,55.00,0.00 
20:4,24.90,55.00,0.00 
20:5,24.90,55.00,0.00 
20:6,24.93,55.00,0.00 
20:7,24.95,55.00,0.00 
20:8,24.93,55.17,0.00 
20:9,24.88,55.00,0.00 
20:10,24.85,55.00,0.00 
20:11,24.85,54.83,0.00 
20:12,24.78,54.67,0.00 
20:13,24.78,54.67,0.00 
20:14,24.80,54.50,0.00 
20:15,24.82,54.50,0.00 
20:16,24.73,54.67,0.00 
20:17,24.73,54.67,0.00 
20:18,24.65,54.67,0.00 
20:19,24.62,54.83,0.00 
20:20,24.60,54.83,0.00 
20:21,24.53,54.67,0.00 
20:22,24.65,54.67,0.00 
20:23,24.62,54.67,0.00 
20:24,24.62,54.83,0.00 
20:25,24.68,54.50,0.00 
20:26,nan,nan,0.00 
20:27,24.67,54.67,0.00 
20:28,nan,nan,0.00 
20:29,24.63,54.50,0.00 
20:30,nan,nan,0.00 
20:31,24.67,54.33,0.00 
20:32,nan,nan,0.00 
20:33,24.60,54.50,0.00 
20:34,nan,nan,0.00 
20:35,24.55,54.50,0.00 
20:36,24.57,54.50,0.00 
20:37,24.53,54.50,0.00 
20:38,24.55,54.67,0.00 
20:39,24.55,54.67,0.00 
20:40,24.53,54.83,0.00 
20:41,24.57,54.67,0.00 
20:42,24.52,54.33,0.00 
20:43,24.53,54.67,0.00 
20:44,24.57,54.33,0.00 
20:45,24.55,54.50,0.00 
20:46,24.52,54.17,0.00 
20:47,24.52,54.50,0.00 
20:48,24.55,54.17,0.00 
20:49,24.47,55.00,0.00 
20:50,24.33,56.17,0.00 
20:51,24.25,56.50,0.00 
20:52,24.28,56.83,0.00 
20:53,24.38,56.83,0.00 
20:54,24.53,55.83,0.00 
20:55,24.57,55.00,0.00 
20:56,24.52,54.67,0.00 
20:57,24.43,54.50,0.00 
20:58,24.43,54.67,0.00 
20:59,24.40,54.83,0.00 
21:0,24.40,54.67,0.00 
21:1,24.35,54.67,0.00 
21:2,24.33,54.50,0.00 
21:3,24.25,54.83,0.00 
21:4,24.20,55.17,0.00 
21:5,24.22,55.00,0.00 
21:6,24.23,54.83,0.00 
21:7,24.23,55.00,0.00 
21:8,24.22,55.17,0.00 
21:9,24.25,55.00,0.00 
21:10,24.22,55.17,0.00 
21:11,24.20,55.00,0.00 
21:12,24.23,55.00,0.00 
21:13,24.23,54.83,0.00 
21:14,24.30,54.83,0.00 
21:15,24.25,54.50,0.00 
21:16,24.25,54.50,0.00 
21:17,24.25,54.50,0.00 
21:18,24.30,54.83,0.00 
21:19,24.27,54.83,0.00 
21:20,24.22,54.83,0.00 
21:21,24.22,54.67,0.00 
21:22,24.22,54.83,0.00 
21:23,24.20,54.83,0.00 
21:24,24.15,54.83,0.00 
21:25,24.18,55.00,0.00 
21:26,24.13,55.00,0.00 
21:27,24.13,55.17,0.00 
21:28,24.17,55.00,0.00 
21:29,24.15,54.83,0.00 
21:30,24.13,55.00,0.00 
21:31,24.10,55.17,0.00 
21:32,24.08,55.00,0.00 
21:33,24.10,55.00,0.00 
21:34,24.13,55.00,0.00 
21:35,24.08,55.00,0.00 
21:36,24.08,55.17,0.00 
21:37,24.05,55.00,0.00 
21:38,24.08,55.00,0.00 
21:39,24.03,55.00,0.00 
21:40,24.03,55.00,0.00 
21:41,24.00,55.17,0.00 
21:42,23.98,54.83,0.00 
21:43,23.97,55.33,0.00 
21:44,23.93,55.00,0.00 
21:45,23.97,55.00,0.00 
21:46,23.98,55.00,0.00 
21:47,23.98,55.17,0.00 
21:48,23.98,55.33,0.00 
21:49,24.02,55.17,0.00 
21:50,23.98,55.17,0.00 
21:51,24.00,55.17,0.00 
21:52,24.00,55.17,0.00 
21:53,24.00,55.17,0.00 
21:54,24.03,55.17,0.00 
21:55,24.02,55.17,0.00 
21:56,24.00,55.17,0.00 
21:57,24.03,55.17,0.00 
21:58,24.02,55.00,0.00 
21:59,24.05,54.83,0.00 
22:0,24.00,55.00,0.00 
22:1,24.02,55.17,0.00 
22:2,24.02,55.17,0.00 
22:3,24.02,55.17,0.00 
22:4,24.03,55.17,0.00 
22:5,24.05,55.17,0.00 
22:6,24.10,55.00,0.00 
22:7,24.12,55.00,0.00 
22:8,24.12,55.00,0.00 
22:9,24.08,55.00,0.00 
22:10,24.08,54.83,0.00 
22:11,24.03,54.83,0.00 
22:12,24.05,54.83,0.00 
22:13,24.05,55.17,0.00 
22:14,24.08,55.00,0.00 
22:15,24.03,55.00,0.00 
22:16,24.05,54.83,0.00 
22:17,23.97,55.33,0.00 
22:18,23.97,55.17,0.00 
22:19,23.98,55.33,0.00 
22:20,24.03,55.17,0.00 
22:21,24.03,55.17,0.00 
22:22,24.05,55.17,0.00 
22:23,24.07,55.33,0.00 
22:24,24.05,55.00,0.00 
22:25,24.05,55.33,0.00 
22:26,24.05,55.50,0.00 
22:27,24.02,55.33,0.00 
22:28,24.02,55.50,0.00 
22:29,23.97,55.33,0.00 
22:30,23.97,55.83,0.00 
22:31,23.97,55.67,0.00 
22:32,24.02,55.67,0.00 
22:33,24.03,55.67,0.00 
22:34,24.00,55.83,0.00 
22:35,23.95,55.17,0.00 
22:36,23.82,55.67,0.00 
22:37,23.75,56.17,0.00 
22:38,23.78,56.17,0.00 
22:39,23.73,55.33,0.00 
22:40,23.65,56.00,0.00 
22:41,23.62,55.67,0.00 
22:42,23.57,55.33,0.00 
22:43,23.58,56.17,0.00 
22:44,23.62,55.83,0.00 
22:45,23.60,55.83,0.00 
22:46,23.62,55.83,0.00 
22:47,23.63,55.67,0.00 
22:48,23.62,55.83,0.00 
22:49,23.65,55.83,0.00 
22:50,23.65,55.83,0.00 
22:51,23.72,55.33,0.00 
22:52,23.77,55.50,0.00 
22:53,23.77,55.67,0.00 
22:54,23.72,55.67,0.00 
22:55,23.72,55.83,0.00 
22:56,23.73,55.67,0.00 
22:57,23.78,55.67,0.00 
22:58,23.77,55.67,0.00 
22:59,23.70,55.83,0.00 
23:0,23.68,55.33,0.00 
23:1,23.65,55.33,0.00 
23:2,23.65,55.67,0.00 
23:3,23.65,55.33,0.00 
23:4,23.70,55.17,0.00 
23:5,23.70,55.17,0.00 
23:6,23.70,55.33,0.00 
23:7,23.67,55.50,0.00 
23:8,23.60,55.67,0.00 
23:9,23.57,55.67,0.00 
23:10,23.53,55.67,0.00 
23:11,23.53,55.50,0.00 
23:12,23.48,55.83,0.00 
23:13,23.50,55.67,0.00 
23:14,23.47,55.83,0.00 
23:15,23.50,55.83,0.00 
23:16,23.42,55.67,0.00 
23:17,23.32,56.17,0.00 
23:18,23.35,56.50,0.00 
23:19,23.37,56.33,0.00 
23:20,23.30,56.50,0.00 
23:21,23.37,56.50,0.00 
23:22,23.40,56.17,0.00 
23:23,23.40,56.17,0.00 
23:24,23.45,56.00,0.00 
23:25,23.43,56.00,0.00 
23:26,23.47,56.17,0.00 
23:27,23.48,56.00,0.00 
23:28,23.47,56.00,0.00 
23:29,23.47,56.17,0.00 
23:30,23.45,56.33,0.00 
23:31,23.43,55.83,0.00 
23:32,23.38,56.00,0.00 
23:33,23.42,56.17,0.00 
23:34,23.43,56.17,0.00 
23:35,23.45,55.83,0.00 
23:36,23.40,56.33,0.00 
23:37,23.43,56.33,0.00 
23:38,23.48,56.17,0.00 
23:39,23.52,56.33,0.00 
23:40,23.52,56.17,0.00 
23:41,23.53,56.17,0.00 
23:42,23.50,56.00,0.00 
23:43,23.52,56.17,0.00 
23:44,23.47,56.00,0.00 
23:45,23.50,56.00,0.00 
23:46,23.45,55.83,0.00 
23:47,23.45,55.83,0.00 
23:48,23.40,56.00,0.00 
23:49,23.43,56.00,0.00 
23:50,23.38,56.17,0.00 
23:51,23.37,56.00,0.00 
23:52,23.38,56.17,0.00 
23:53,23.38,56.33,0.00 
23:54,23.42,56.17,0.00 
23:55,23.40,56.33,0.00 
23:56,23.43,56.50,0.00 
23:57,23.47,56.50,0.00 
23:58,23.48,56.33,0.00 
23:59,23.47,56.33,0.00 
0:0,23.50,56.33,0.00 
0:1,23.43,56.00,0.00 
0:2,23.40,56.00,0.00 
0:3,23.37,56.17,0.00 
0:4,23.33,56.17,0.00 
0:5,23.27,56.00,0.00 
0:6,23.25,56.33,0.00 
0:7,23.22,56.17,0.00 
0:8,23.22,56.50,0.00 
0:9,23.23,56.33,0.00 
0:10,23.23,56.50,0.00 
0:11,23.23,56.50,0.00 
0:12,23.27,56.50,0.00 
0:13,23.28,56.17,0.00 
0:14,23.37,56.33,0.00 
0:15,23.42,56.17,0.00 
0:16,23.38,56.00,0.00 
0:17,23.35,55.83,0.00 
0:18,23.32,56.17,0.00 
0:19,23.25,56.33,0.00 
0:20,23.32,56.33,0.00 
0:21,23.37,56.00,0.00 
0:22,23.32,55.67,0.00 
0:23,23.30,55.83,0.00 
0:24,23.28,55.50,0.00 
0:25,23.20,55.83,0.00 
0:26,23.17,56.67,0.00 
0:27,23.20,56.17,0.00 
0:28,23.23,56.50,0.00 
0:29,23.17,56.33,0.00 
0:30,23.23,56.50,0.00 
0:31,23.27,56.50,0.00 
0:32,23.33,56.00,0.00 
0:33,23.30,56.00,0.00 
0:34,23.28,56.17,0.00 
0:35,23.15,56.33,0.00 
0:36,23.20,56.33,0.00 
0:37,23.07,55.83,0.00 
0:38,22.92,56.83,0.00 
0:39,22.93,56.83,0.00 
0:40,23.00,56.00,0.00 
0:41,22.95,56.50,0.00 
0:42,23.07,56.67,0.00 
0:43,23.15,56.33,0.00 
0:44,23.17,55.67,0.00 
0:45,23.12,55.67,0.00 
0:46,23.08,56.17,0.00 
0:47,23.17,56.50,0.00 
0:48,23.18,56.33,0.00 
0:49,23.20,56.17,0.00 
0:50,23.17,56.50,0.00 
0:51,23.23,56.33,0.00 
0:52,23.22,56.17,0.00 
0:53,23.30,56.17,0.00 
0:54,23.23,55.50,0.00 
0:55,23.13,56.33,0.00 
0:56,23.15,56.33,0.00 
0:57,23.20,56.17,0.00 
0:58,23.20,56.33,0.00 
0:59,23.23,56.00,0.00 
1:0,23.23,56.17,0.00 
1:1,23.25,56.17,0.00 
1:2,23.27,56.00,0.00 
1:3,23.32,56.17,0.00 
1:4,23.27,56.17,0.00 
1:5,23.33,56.17,0.00 
1:6,23.37,56.17,0.00 
1:7,23.33,56.17,0.00 
1:8,23.37,56.33,0.00 
1:9,23.35,56.17,0.00 
1:10,23.40,56.33,0.00 
1:11,23.35,56.00,0.00 
1:12,23.33,56.17,0.00 
1:13,23.33,56.00,0.00 
1:14,23.37,56.00,0.00 
1:15,23.33,56.00,0.00 
1:16,23.35,56.00,0.00 
1:17,23.35,56.00,0.00 
1:18,23.23,56.17,0.00 
1:19,23.20,56.33,0.00 
1:20,23.17,56.33,0.00 
1:21,23.22,56.50,0.00 
1:22,23.25,56.67,0.00 
1:23,23.30,56.33,0.00 
1:24,23.35,56.17,0.00 
1:25,23.33,55.83,0.00 
1:26,23.23,55.67,0.00 
1:27,23.15,56.33,0.00 
1:28,23.13,56.67,0.00 
1:29,23.13,56.67,0.00 
1:30,23.12,56.17,0.00 
1:31,23.17,56.33,0.00 
1:32,23.17,56.33,0.00 
1:33,23.18,56.17,0.00 
1:34,23.20,56.00,0.00 
1:35,23.23,56.17,0.00 
1:36,23.23,56.17,0.00 
1:37,23.25,56.50,0.00 
1:38,23.28,56.17,0.00 
1:39,23.27,56.33,0.00 
1:40,23.32,56.33,0.00 
1:41,23.35,56.33,0.00 
1:42,23.43,56.17,0.00 
1:43,23.48,56.17,0.00 
1:44,23.40,56.17,0.00 
1:45,23.42,56.33,0.00 
1:46,23.48,56.00,0.00 
1:47,23.42,56.00,0.00 
1:48,23.42,56.00,0.00 
1:49,23.42,56.00,0.00 
1:50,23.35,56.00,0.00 
1:51,23.33,56.00,0.00 
1:52,23.37,56.00,0.00 
1:53,23.32,55.83,0.00 
1:54,23.33,55.67,0.00 
1:55,23.20,55.83,0.00 
1:56,23.20,55.83,0.00 
1:57,23.17,56.33,0.00 
1:58,23.20,56.17,0.00 
1:59,23.25,56.50,0.00 
2:0,23.28,56.17,0.00 
2:1,23.25,56.00,0.00 
2:2,23.28,56.17,0.00 
2:3,23.28,56.00,0.00 
2:4,23.33,56.00,0.00 
2:5,23.37,56.00,0.00 
2:6,23.33,56.00,0.00 
2:7,23.35,56.17,0.00 
2:8,23.30,56.33,0.00 
2:9,23.32,56.17,0.00 
2:10,23.37,56.33,0.00 
2:11,23.35,56.33,0.00 
2:12,23.32,56.83,0.00 
2:13,23.30,56.50,0.00 
2:14,23.35,57.00,0.00 
2:15,23.37,56.67,0.00 
2:16,23.38,56.50,0.00 
2:17,23.38,56.50,0.00 
2:18,23.35,56.33,0.00 
2:19,23.42,56.33,0.00 
2:20,23.40,56.33,0.00 
2:21,23.35,56.33,0.00 
2:22,23.32,56.50,0.00 
2:23,23.32,56.50,0.00 
2:24,23.23,56.67,0.00 
2:25,23.23,56.67,0.00 
2:26,23.23,56.33,0.00 
2:27,23.10,57.00,0.00 
2:28,23.08,57.00,0.00 
2:29,23.12,56.83,0.00 
2:30,23.15,57.00,0.00 
2:31,23.05,56.33,0.00 
2:32,23.03,57.00,0.00 
2:33,23.05,57.17,0.00 
2:34,23.07,56.83,0.00 
2:35,23.15,56.67,0.00 
2:36,23.12,56.67,0.00 
2:37,23.08,56.67,0.00 
2:38,23.10,56.67,0.00 
2:39,23.10,56.67,0.00 
2:40,23.12,56.83,0.00 
2:41,23.10,56.50,0.00 
2:42,23.12,56.50,0.00 
2:43,23.15,56.83,0.00 
2:44,23.13,56.50,0.00 
2:45,23.05,56.33,0.00 
2:46,23.03,56.83,0.00 
2:47,23.03,56.83,0.00 
2:48,23.05,56.83,0.00 
2:49,23.07,56.67,0.00 
2:50,23.08,56.67,0.00 
2:51,23.03,56.83,0.00 
2:52,23.08,56.67,0.00 
2:53,23.00,56.83,0.00 
2:54,23.03,56.83,0.00 
2:55,23.03,56.67,0.00 
2:56,23.03,56.67,0.00 
2:57,23.02,56.67,0.00 
2:58,23.03,56.67,0.00 
2:59,23.13,56.67,0.00 
3:0,22.98,56.67,0.00 
3:1,22.95,57.00,0.00 
3:2,22.95,57.00,0.00 
3:3,22.97,57.00,0.00 
3:4,22.98,57.17,0.00 
3:5,22.98,57.00,0.00 
3:6,23.00,57.00,0.00 
3:7,23.07,57.00,0.00 
3:8,23.02,57.33,0.00 
3:9,23.07,57.67,0.00 
3:10,23.02,57.33,0.00 
3:11,23.03,57.33,0.00 
3:12,23.05,57.00,0.00 
3:13,23.05,57.50,0.00 
3:14,23.07,56.67,0.00 
3:15,23.02,56.83,0.00 
3:16,23.05,57.00,0.00 
3:17,23.03,57.00,0.00 
3:18,23.02,56.83,0.00 
3:19,23.05,57.17,0.00 
3:20,23.07,56.83,0.00 
3:21,23.07,56.83,0.00 
3:22,23.03,56.83,0.00 
3:23,23.02,57.17,0.00 
3:24,23.05,57.17,0.00 
3:25,23.02,57.17,0.00 
3:26,22.98,57.00,0.00 
3:27,22.97,56.83,0.00 
3:28,22.97,56.83,0.00 
3:29,22.97,56.83,0.00 
3:30,23.00,56.83,0.00 
3:31,23.02,56.83,0.00 
3:32,23.02,57.00,0.00 
3:33,23.05,56.83,0.00 
3:34,23.00,56.67,0.00 
3:35,22.97,56.67,0.00 
3:36,22.97,56.67,0.00 
3:37,22.95,56.67,0.00 
3:38,22.93,56.83,0.00 
3:39,23.00,56.83,0.00 
3:40,22.98,56.83,0.00 
3:41,23.00,57.00,0.00 
3:42,23.08,56.83,0.00 
3:43,22.97,56.83,0.00 
3:44,22.97,56.83,0.00 
3:45,22.93,57.00,0.00 
3:46,22.97,57.00,0.00 
3:47,22.97,57.00,0.00 
3:48,22.90,57.00,0.00 
3:49,22.90,57.00,0.00 
3:50,22.87,57.17,0.00 
3:51,22.92,57.17,0.00 
3:52,22.87,57.00,0.00 
3:53,22.93,57.33,0.00 
3:54,22.92,57.00,0.00 
3:55,22.93,57.00,0.00 
3:56,22.92,57.33,0.00 
3:57,22.95,57.00,0.00 
3:58,22.88,57.00,0.00 
3:59,22.90,57.17,0.00 
4:0,22.90,57.17,0.00 
4:1,22.92,57.00,0.00 
4:2,22.93,57.00,0.00 
4:3,22.92,56.83,0.00 
4:4,22.88,57.00,0.00 
4:5,22.87,57.33,0.00 
4:6,22.82,57.17,0.00 
4:7,22.88,57.00,0.00 
4:8,22.83,57.17,0.00 
4:9,22.90,57.17,0.00 
4:10,22.90,57.00,0.00 
4:11,22.92,57.17,0.00 
4:12,22.95,56.83,0.00 
4:13,22.90,56.83,0.00 
4:14,22.92,56.83,0.00 
4:15,22.82,57.00,0.00 
4:16,22.90,57.17,0.00 
4:17,22.95,56.83,0.00 
4:18,22.87,57.33,0.00 
4:19,22.90,57.00,0.00 
4:20,22.85,57.33,0.00 
4:21,22.90,57.33,0.00 
4:22,22.90,57.17,0.00 
4:23,22.97,57.00,0.00 
4:24,22.98,57.00,0.00 
4:25,22.95,57.00,0.00 
4:26,22.90,56.83,0.00 
4:27,22.93,56.83,0.00 
4:28,22.92,57.00,0.00 
4:29,22.88,57.00,0.00 
4:30,22.88,57.00,0.00 
4:31,22.95,57.00,0.00 
4:32,22.97,56.83,0.00 
4:33,22.97,57.17,0.00 
4:34,22.93,56.67,0.00 
4:35,22.95,57.17,0.00 
4:36,22.93,57.17,0.00 
4:37,22.93,57.17,0.00 
4:38,22.93,56.83,0.00 
4:39,22.90,57.17,0.00 
4:40,22.92,57.33,0.00 
4:41,22.92,57.33,0.00 
4:42,22.97,57.17,0.00 
4:43,22.97,57.17,0.00 
4:44,22.93,57.33,0.00 
4:45,22.98,57.33,0.00 
4:46,23.02,57.33,0.00 
4:47,22.93,57.33,0.00 
4:48,22.92,57.33,0.00 
4:49,22.87,57.17,0.00 
4:50,22.83,57.50,0.00 
4:51,22.85,57.67,0.00 
4:52,22.88,57.67,0.00 
4:53,22.90,57.33,0.00 
4:54,22.92,57.17,0.00 
4:55,22.90,57.33,0.00 
4:56,22.88,57.33,0.00 
4:57,22.82,57.17,0.00 
4:58,22.88,57.17,0.00 
4:59,22.83,57.17,0.00 
5:0,22.87,57.33,0.00 
5:1,nan,nan,0.00 
5:2,22.85,57.17,0.00 
5:3,22.83,57.00,0.00 
5:4,nan,nan,0.00 
5:5,22.82,57.17,0.00 
5:6,22.85,57.33,0.00 
5:7,22.90,57.17,0.00 
5:8,nan,nan,0.00 
5:9,22.90,57.00,0.00 
5:10,nan,nan,0.00 
5:11,22.88,57.17,0.00 
5:12,22.87,57.00,0.00 
5:13,22.90,57.67,0.00 
5:14,22.90,57.17,0.00 
5:15,22.88,57.33,0.00 
5:16,22.82,57.67,0.00 
5:17,22.82,57.17,0.00 
5:18,22.80,57.33,0.00 
5:19,22.77,57.33,0.00 
5:20,22.78,57.67,0.00 
5:21,22.82,57.33,0.00 
5:22,22.85,57.50,0.00 
5:23,22.83,57.50,0.00 
5:24,22.82,57.50,0.00 
5:25,22.82,57.33,0.00 
5:26,22.75,57.17,0.00 
5:27,22.77,57.17,0.00 
5:28,22.73,57.33,0.00 
5:29,22.75,57.33,0.00 
5:30,22.73,57.50,0.00 
5:31,22.70,57.33,0.00 
5:32,22.70,57.33,0.00 
5:33,22.72,57.50,0.00 
5:34,22.67,57.17,0.00 
5:35,22.70,57.17,0.00 
5:36,22.72,57.33,0.00 
5:37,22.72,57.33,0.00 
5:38,22.72,57.33,0.00 
5:39,22.73,57.17,0.00 
5:40,22.73,57.33,0.00 
5:41,22.70,57.50,0.00 
5:42,22.70,57.33,0.00 
5:43,22.73,57.33,0.00 
5:44,22.67,57.50,0.00 
5:45,22.68,57.33,0.00 
5:46,22.67,57.17,0.00 
5:47,22.72,57.00,0.00 
5:48,22.62,57.00,0.00 
5:49,22.58,57.67,0.00 
5:50,22.55,57.33,0.00 
5:51,22.52,57.50,0.00 
5:52,22.53,57.33,0.00 
5:53,22.52,57.33,0.00 
5:54,22.52,57.33,0.00 
5:55,22.50,57.67,0.00 
5:56,22.52,57.33,0.00 
5:57,22.48,57.50,0.00 
5:58,22.50,57.67,0.00 
5:59,22.42,57.50,0.00 
6:0,22.40,57.67,0.00 
6:1,22.33,57.50,0.00 
6:2,22.33,57.50,0.00 
6:3,22.35,57.33,0.00 
6:4,22.32,57.50,0.00 
6:5,22.37,57.33,0.00 
6:6,22.33,57.50,0.00 
6:7,22.35,57.50,0.00 
6:8,22.35,57.83,0.00 
6:9,22.45,57.50,0.00 
6:10,22.40,58.00,0.00 
6:11,22.43,57.67,0.00 
6:12,22.42,57.67,0.00 
6:13,22.47,57.50,0.00 
6:14,22.43,57.67,0.00 
6:15,22.45,57.83,0.00 
6:16,22.52,57.67,0.00 
6:17,22.53,57.50,0.00 
6:18,22.48,57.50,0.00 
6:19,22.53,57.67,0.00 
6:20,22.48,57.67,0.00 
6:21,22.57,57.83,0.00 
6:22,22.53,58.00,0.00 
6:23,22.50,58.00,0.00 
6:24,22.50,58.00,0.00 
6:25,22.47,58.00,0.00 
6:26,22.52,58.17,0.00 
6:27,22.52,58.17,0.00 
6:28,22.55,58.33,0.00 
6:29,22.55,58.17,0.00 
6:30,22.55,58.17,0.00 
6:31,22.50,58.17,0.00 
6:32,22.52,58.33,0.00 
6:33,22.55,58.50,0.00 
6:34,22.52,58.50,0.00 
6:35,22.53,58.50,0.00 
6:36,22.50,58.50,0.00 
6:37,22.52,58.67,0.00 
6:38,22.55,58.83,0.00 
6:39,22.53,58.83,0.00 
6:40,22.45,58.67,0.00 
6:41,22.45,58.83,0.00 
6:42,22.47,58.83,0.00 
6:43,22.48,58.83,0.00 
6:44,22.45,59.00,0.00 
6:45,22.40,59.17,0.00 
6:46,22.45,59.17,0.00 
6:47,22.43,59.17,0.00 
6:48,22.38,59.00,0.00 
6:49,22.40,59.00,0.00 
6:50,22.40,59.17,0.00 
6:51,22.40,59.17,0.00 
6:52,22.37,59.17,0.00 
6:53,22.38,59.50,0.00 
6:54,22.42,59.50,0.00 
6:55,22.35,59.50,0.00 
6:56,22.40,59.00,0.00 
6:57,22.40,59.00,0.00 
6:58,22.35,59.33,0.00 
6:59,22.42,59.17,0.00 
7:0,22.40,59.17,0.00 
7:1,22.33,59.50,0.00 
7:2,22.38,59.67,0.00 
7:3,22.27,59.50,0.00 
7:4,22.27,60.00,0.00 
7:5,22.27,59.83,0.00 
7:6,22.32,59.67,0.00 
7:7,22.33,59.67,0.00 
7:8,22.37,59.50,0.00 
7:9,22.35,59.50,0.00 
7:10,22.32,59.50,0.00 
7:11,22.28,59.83,0.00 
7:12,22.23,59.83,0.00 
7:13,22.30,59.67,0.00 
7:14,22.30,59.83,0.00 
7:15,22.27,60.00,0.00 
7:16,22.28,60.00,0.00 
7:17,22.23,60.17,0.00 
7:18,22.22,60.17,0.00 
7:19,22.22,60.00,0.00 
7:20,22.25,60.17,0.00 
7:21,22.22,60.17,0.00 
7:22,22.23,59.83,0.00 
7:23,22.22,60.33,0.00 
7:24,22.28,59.67,0.00 
7:25,22.27,59.83,0.00 
7:26,22.25,59.83,0.00 
7:27,22.23,60.17,0.00 
7:28,22.22,60.33,0.00 
7:29,22.25,60.17,0.00 
7:30,22.23,60.33,0.00 
7:31,22.25,60.17,0.00 
7:32,22.28,60.00,0.00 
7:33,22.28,60.17,0.00 
7:34,22.25,60.00,0.00 
7:35,22.25,60.00,0.00 
7:36,22.30,60.17,0.00 
7:37,22.32,60.00,0.00 
7:38,22.33,60.00,0.00 
7:39,22.30,59.83,0.00 
7:40,22.40,60.00,0.00 
7:41,22.33,60.00,0.00 
7:42,22.37,59.83,0.00 
7:43,22.35,59.83,0.00 
7:44,22.35,59.83,0.00 
7:45,22.37,59.67,0.00 
7:46,22.32,59.67,0.00 
7:47,22.33,59.83,0.00 
7:48,22.37,59.67,0.00 
7:49,22.37,59.50,0.00 
7:50,22.35,59.83,0.00 
7:51,22.37,59.50,0.00 
7:52,22.40,59.67,0.00 
7:53,22.45,59.50,0.00 
7:54,22.42,59.33,0.00 
7:55,22.40,59.50,0.00 
7:56,22.35,59.67,0.00 
7:57,22.37,59.67,0.00 
7:58,22.35,59.50,0.00 
7:59,22.37,59.50,0.00 
8:0,22.37,59.50,0.00 
8:1,22.38,59.50,0.00 
8:2,22.40,59.50,0.00 
8:3,22.40,59.50,0.00 
8:4,22.40,59.50,0.00 
8:5,22.42,59.50,0.00 
8:6,22.45,59.33,0.00 
8:7,22.48,59.67,0.00 
8:8,22.50,59.50,0.00 
8:9,22.48,59.67,0.00 
8:10,22.53,59.50,0.00 
8:11,22.48,59.67,0.00 
8:12,22.48,59.50,0.00 
8:13,22.53,59.33,0.00 
8:14,22.53,59.50,0.00 
8:15,22.55,59.17,0.00 
8:16,22.52,59.17,0.00 
8:17,22.52,59.50,0.00 
8:18,22.53,59.33,0.00 
8:19,22.62,59.33,0.00 
8:20,22.57,59.33,0.00 
8:21,22.53,59.33,0.00 
8:22,22.58,59.33,0.00 
8:23,22.62,59.17,0.00 
8:24,22.57,59.50,0.00 
8:25,22.62,59.33,0.00 
8:26,22.62,59.33,0.00 
8:27,22.60,59.33,0.00 
8:28,22.65,59.17,0.00 
8:29,22.67,59.17,0.00 
8:30,22.70,59.33,0.00 
8:31,22.63,59.33,0.00 
8:32,22.70,59.50,0.00 
8:33,22.65,59.33,0.00 
8:34,22.67,59.33,0.00 
8:35,22.70,59.17,0.00 
8:36,22.63,59.50,0.00 
8:37,22.68,59.33,0.00 
8:38,22.62,59.50,0.00 
8:39,22.63,59.50,0.00 
8:40,22.65,59.83,0.00 
8:41,22.62,59.83,0.00 
8:42,22.68,59.67,0.00 
8:43,22.70,59.67,0.00 
8:44,22.65,59.33,0.00 
8:45,22.58,59.67,0.00 
8:46,22.63,59.33,0.00 
8:47,22.63,59.67,0.00 
8:48,22.67,59.33,0.00 
8:49,22.63,59.50,0.00 
8:50,22.67,59.00,0.00 
8:51,22.77,59.33,0.00 
8:52,22.75,59.17,0.00 
8:53,22.83,59.17,0.00 
8:54,22.95,59.00,0.00 
8:55,23.03,58.83,0.00 
8:56,23.10,58.33,0.00 
8:57,23.15,58.33,0.00 
8:58,23.12,58.33,0.00 
8:59,23.18,58.17,0.00 
9:0,23.22,58.33,0.00 
9:1,23.17,58.17,0.00 
9:2,23.10,58.17,0.00 
9:3,23.05,58.50,0.00 
9:4,22.93,58.50,0.00 
9:5,22.93,58.67,0.00 
9:6,22.90,58.67,0.00 
9:7,22.87,58.67,0.00 
9:8,22.83,58.83,0.00 
9:9,22.73,58.67,0.00 
9:10,22.68,58.83,0.00 
9:11,22.68,59.17,0.00 
9:12,22.72,59.00,0.00 
9:13,22.73,59.00,0.00 
9:14,22.72,59.00,0.00 
9:15,22.73,59.17,0.00 
9:16,22.67,59.17,0.00 
9:17,22.65,59.17,0.00 
9:18,22.58,59.50,0.00 
9:19,22.53,59.50,0.00 
9:20,22.55,59.50,0.00 
9:21,22.57,59.50,0.00 
9:22,22.58,59.67,0.00 
9:23,22.65,59.67,0.00 
9:24,22.70,59.17,0.00 
9:25,22.67,59.50,0.00 
9:26,22.62,59.50,0.00 
9:27,22.67,59.50,0.00 
9:28,22.68,59.33,0.00 
9:29,22.73,59.17,0.00 
9:30,22.78,59.33,0.00 
9:31,22.77,59.33,0.00 
9:32,22.78,59.33,0.00 
9:33,22.75,59.50,0.00 
9:34,22.83,59.17,0.00 
9:35,22.82,58.83,0.00 
9:36,22.75,59.17,0.00 
9:37,22.77,59.33,0.00 
9:38,22.82,59.17,0.00 
9:39,22.82,59.00,0.00 
9:40,22.80,58.83,0.00 
9:41,22.85,59.00,0.00 
9:42,22.82,59.00,0.00 
9:43,22.95,58.67,0.00 
9:44,22.95,59.00,0.00 
9:45,23.05,58.83,0.00 
9:46,23.08,58.50,0.00 
9:47,23.08,58.67,0.00 
9:48,23.12,58.83,0.00 
9:49,23.15,59.17,0.00 
9:50,23.12,58.83,0.00 
9:51,23.05,58.83,0.00 
9:52,22.97,60.00,0.00 
9:53,22.85,59.67,0.00 
9:54,22.72,60.33,0.00 
9:55,22.62,60.67,0.00 
9:56,22.60,61.33,0.00 
9:57,22.48,61.33,0.00 
9:58,22.45,61.67,0.00 
9:59,22.40,61.67,0.00 
10:0,22.37,61.67,0.00 
10:1,22.35,61.67,0.00 
10:2,22.35,61.67,0.00 
10:3,22.30,61.83,0.00 
10:4,22.30,61.83,0.00 
10:5,22.23,61.83,0.00 
10:6,22.30,61.67,0.00 
10:7,22.32,61.50,0.00 
10:8,22.32,61.50,0.00 
10:9,22.30,61.67,0.00 
10:10,22.30,61.33,0.00 
10:11,22.28,61.50,0.00 
10:12,22.32,61.50,0.00 
10:13,22.38,61.17,0.00 
10:14,22.40,61.17,0.00 
10:15,22.35,61.17,0.00 
10:16,22.37,61.17,0.00 
10:17,22.33,61.33,0.00 
10:18,22.35,61.00,0.00 
10:19,22.35,61.33,0.00 
10:20,22.37,61.17,0.00 
10:21,22.40,61.33,0.00 
10:22,22.37,61.17,0.00 
10:23,22.37,61.33,0.00 
10:24,22.38,61.00,0.00 
10:25,22.40,61.33,0.00 
10:26,22.43,61.17,0.00 
10:27,22.43,61.00,0.00 
10:28,22.50,61.17,0.00 
10:29,22.57,60.83,0.00 
10:30,22.60,60.83,0.00 
10:31,22.67,60.67,0.00 
10:32,22.68,60.67,0.00 
10:33,22.70,60.50,0.00 
10:34,22.72,60.50,0.00 
10:35,22.77,60.50,0.00 
10:36,22.75,60.50,0.00 
10:37,22.78,60.33,0.00 
10:38,22.78,60.50,0.00 
10:39,22.85,60.33,0.00 
10:40,22.78,60.50,0.00 
10:41,22.80,60.17,0.00 
10:42,22.82,60.33,0.00 
10:43,22.82,60.33,0.00 
10:44,22.80,60.33,0.00 
10:45,22.80,60.50,0.00 
10:46,22.85,60.50,0.00 
10:47,22.88,60.17,0.00 
10:48,22.95,60.33,0.00 
10:49,22.95,60.17,0.00 
10:50,22.95,60.17,0.00 
10:51,22.95,60.00,0.00 
10:52,22.95,59.50,0.00 
10:53,22.93,59.83,0.00 
10:54,22.93,60.00,0.00 
10:55,22.93,59.83,0.00 
10:56,22.98,60.17,0.00 
10:57,23.02,59.67,0.00 
10:58,23.03,59.67,0.00 
10:59,23.05,59.50,0.00 
11:0,23.05,59.50,0.00 
11:1,23.05,59.33,0.00 
11:2,23.05,59.50,0.00 
11:3,23.02,59.50,0.00 
11:4,23.05,59.67,0.00 
11:5,23.05,59.83,0.00 
11:6,23.07,59.83,0.00 
11:7,23.10,59.83,0.00 
11:8,23.15,59.83,0.00 
11:9,23.22,59.83,0.00 
11:10,23.25,59.33,0.00 
11:11,23.27,59.33,0.00 
11:12,23.33,59.17,0.00 
11:13,23.32,59.00,0.00 
11:14,23.30,59.00,0.00 
11:15,23.32,59.00,0.00 
11:16,23.37,59.17,0.00 
11:17,23.38,59.00,0.00 
11:18,23.40,59.17,0.00 
11:19,23.42,59.17,0.00 
11:21,21.30,64.83,0.00 
11:22,21.48,65.33,0.00 
11:23,21.72,65.00,0.00 
11:24,21.93,64.17,0.00 
11:25,22.05,64.00,0.00 
11:26,22.17,63.33,0.00 
11:27,22.25,63.00,0.00 
11:28,22.22,62.83,0.00 
11:29,22.22,62.50,0.00 
11:30,22.30,62.33,0.00 
11:31,22.42,62.00,0.00 
11:32,22.53,61.83,0.00 
11:33,22.60,61.50,0.00 
11:34,22.68,61.83,0.00 
11:35,22.70,61.33,0.00 
11:36,22.70,61.17,0.00 
11:37,22.78,61.50,0.00 
11:38,22.80,61.17,0.00 
11:39,22.82,60.83,0.00 
11:40,22.83,60.83,0.00 
11:41,22.83,60.67,0.00 
11:42,22.83,60.17,0.00 
11:43,22.80,60.17,0.00 
11:44,22.83,60.00,0.00 
11:45,22.82,60.17,0.00 
11:46,22.77,60.00,0.00 
11:47,22.80,60.00,0.00 
11:48,22.73,60.17,0.00 
11:49,22.65,60.00,0.00 
11:50,22.67,60.00,0.00 
11:51,22.67,60.00,0.00 
11:52,22.70,60.00,0.00 
11:53,22.63,60.00,0.00 
11:54,22.67,60.00,0.00 
11:55,22.73,60.00,0.00 
11:56,22.72,60.00,0.00 
11:57,22.77,60.00,0.00 
11:58,22.73,59.83,0.00 
11:59,22.80,60.00,0.00 
12:0,22.80,59.83,0.00 
12:1,22.78,59.83,0.00 
12:2,22.80,60.17,0.00 
12:3,22.72,59.83,0.00 
12:4,22.72,59.83,0.00 
12:5,22.73,59.50,0.00 
12:6,22.70,59.67,0.00 
12:7,22.67,59.83,0.00 
12:8,22.72,60.00,0.00 
12:9,22.65,60.00,0.00 
12:10,22.63,60.00,0.00 
12:11,22.73,60.00,0.00 
12:12,22.73,60.17,0.00 
12:13,22.75,59.50,0.00 
12:14,22.83,60.00,0.00 
12:15,22.90,59.17,0.00 
12:16,22.90,59.17,0.00 
12:17,22.93,59.17,0.00 
12:18,22.83,59.00,0.00 
12:19,22.90,59.50,0.00 
12:20,22.95,59.00,0.00 
12:21,22.98,58.83,0.00 
12:22,22.97,58.83,0.00 
12:23,22.88,58.83,0.00 
12:24,22.87,59.00,0.00 
12:25,22.88,58.67,0.00 
12:26,22.93,58.83,0.00 
12:27,22.93,58.50,0.00 
12:28,22.92,58.50,0.00 
12:29,22.88,58.17,0.00 
12:30,22.88,58.67,0.00 
12:31,22.87,58.50,0.00 
12:32,22.83,58.67,0.00 
12:33,22.83,58.83,0.00 
12:34,22.88,58.17,0.00 
12:35,22.88,58.67,0.00 
12:36,22.87,58.50,0.00 
12:37,22.92,58.17,0.00 
12:38,22.92,58.50,0.00 
12:39,22.93,58.33,0.00 
12:40,22.90,58.33,0.00 
12:41,22.97,58.17,0.00 
12:42,22.93,58.33,0.00 
12:43,22.92,58.17,0.00 
12:44,22.90,58.33,0.00 
12:45,22.90,58.50,0.00 
12:46,22.93,58.33,0.00 
12:47,23.02,58.33,0.00 
12:48,22.93,58.17,0.00 
12:49,22.97,58.33,0.00 
12:50,22.93,58.17,0.00 
12:51,22.93,58.17,0.00 
12:52,22.97,58.17,0.00 
12:53,22.97,58.17,0.00 
12:54,22.97,58.33,0.00 
12:55,23.00,58.17,0.00 
12:56,22.97,58.17,0.00 
12:57,22.90,57.83,0.00 
12:58,22.88,57.83,0.00 
12:59,22.87,58.17,0.00 
13:0,22.85,58.50,0.00 
13:1,22.90,57.83,0.00 
13:2,22.85,57.83,0.00 
13:3,22.82,58.17,0.00 
13:4,22.77,58.00,0.00 
13:5,22.73,58.33,0.00 
13:6,22.65,58.33,0.00 
13:7,22.65,58.50,0.00 
13:8,22.70,58.50,0.00 
13:9,22.72,58.17,0.00 
13:10,22.75,58.50,0.00 
13:11,22.80,58.17,0.00 
13:12,22.77,57.83,0.00 
13:13,22.72,57.83,0.00 
13:14,22.72,58.17,0.00 
13:15,22.62,58.17,0.00 
13:16,22.72,58.50,0.00 
13:17,22.73,58.50,0.00 
13:18,22.68,58.67,0.00 
13:19,22.65,58.67,0.00 
13:20,22.65,58.50,0.00 
13:21,22.67,58.50,0.00 
13:22,22.72,58.50,0.00 
13:23,22.68,58.00,0.00 
13:24,22.68,58.17,0.00 
13:25,22.72,58.17,0.00 
13:26,22.67,58.00,0.00 
13:27,22.63,58.33,0.00 
13:28,22.63,58.00,0.00 
13:29,22.55,58.67,0.00 
13:30,22.57,58.17,0.00 
13:31,22.53,58.67,0.00 
13:32,22.53,58.83,0.00 
13:33,22.57,58.50,0.00 
13:34,22.55,58.33,0.00 
13:35,22.57,58.33,0.00 
13:36,22.58,58.50,0.00 
13:37,22.58,58.17,0.00 
13:38,22.48,58.50,0.00 
13:39,22.52,58.67,0.00 
13:40,22.47,58.50,0.00 
13:41,22.42,58.83,0.00 
13:42,22.43,59.33,0.00 
13:43,22.52,59.00,0.00 
13:44,22.55,58.83,0.00 
13:45,22.58,58.33,0.00 
13:46,22.55,58.33,0.00 
13:47,22.50,58.83,0.00 
13:48,22.50,58.83,0.00 
13:49,22.55,58.83,0.00 
13:50,22.55,58.67,0.00 
13:51,22.60,58.67,0.00 
13:52,22.58,58.33,0.00 
13:53,22.57,58.33,0.00 
13:54,22.52,58.50,0.00 
13:55,22.45,58.50,0.00 
13:56,22.45,58.67,0.00 
13:57,22.42,59.17,0.00 
13:58,22.38,58.67,0.00 
13:59,22.42,58.50,0.00 
14:0,22.42,58.83,0.00 
14:1,22.45,58.67,0.00 
14:2,22.37,58.83,0.00 
14:3,22.37,58.67,0.00 
14:4,22.23,59.33,0.00 
14:5,22.28,59.00,0.00 
14:6,22.25,59.50,0.00 
14:7,22.23,59.50,0.00 
14:8,22.25,59.00,0.00 
14:9,22.22,59.50,0.00 
14:10,22.22,59.50,0.00 
14:11,22.27,59.33,0.00 
14:12,22.32,59.50,0.00 
14:13,22.28,59.50,0.00 
14:14,22.38,59.17,0.00 
14:15,22.37,59.17,0.00 
14:16,22.23,59.00,0.00 
14:17,22.17,59.33,0.00 
14:18,22.18,59.83,0.00 
14:19,22.28,59.50,0.00 
14:20,22.28,59.33,0.00 
14:21,22.28,59.67,0.00 
14:22,22.33,59.67,0.00 
14:23,22.33,59.67,0.00 
14:24,22.33,59.50,0.00 
14:25,22.33,59.50,0.00 
14:26,22.28,59.33,0.00 
14:27,22.28,59.67,0.00 
14:28,22.30,59.50,0.00 
14:29,22.28,59.33,0.00 
14:30,22.27,59.17,0.00 
14:31,22.18,59.50,0.00 
14:32,22.13,59.83,0.00 
14:33,22.13,59.67,0.00 
14:34,22.17,59.67,0.00 
14:35,22.20,60.00,0.00 
14:36,22.27,59.50,0.00 
14:37,22.27,59.17,0.00 
14:38,22.28,59.17,0.00 
14:39,22.28,59.50,0.00 
14:40,22.28,59.00,0.00 
14:41,22.23,59.33,0.00 
14:42,22.20,59.33,0.00 
14:43,22.18,59.50,0.00 
14:44,22.12,59.83,0.00 
14:45,22.15,59.67,0.00 
14:46,22.22,59.67,0.00 
14:47,22.22,59.50,0.00 
14:48,22.18,59.83,0.00 
14:49,22.37,59.50,0.00 
14:50,22.42,59.00,0.00 
14:51,22.57,58.67,0.00 
14:52,22.58,58.17,0.00 
14:53,22.63,58.67,0.00 
14:54,22.63,58.00,0.00 
14:55,22.60,57.67,0.00 
14:56,22.62,57.83,0.00 
14:57,22.60,57.67,0.00 
14:58,22.58,57.67,0.00 
14:59,22.55,58.33,0.00 
15:0,22.57,58.17,0.00 
15:1,22.62,57.83,0.00 
15:2,22.60,58.00,0.00 
15:3,22.62,57.83,0.00 
15:4,22.62,57.83,0.00 
15:5,22.63,57.67,0.00 
15:6,22.67,57.50,0.00 
15:7,22.68,57.50,0.00 
15:8,22.68,57.33,0.00 
15:9,22.70,57.33,0.00 
15:10,22.67,57.17,0.00 
15:11,22.65,57.33,0.00 
15:12,22.72,57.83,0.00 
15:13,22.67,57.83,0.00 
15:14,22.65,57.83,0.00 
15:15,22.63,58.17,0.00 
15:16,22.63,58.17,0.00 
15:17,22.65,57.83,0.00 
15:18,22.57,57.67,0.00 
15:19,22.60,57.67,0.00 
15:20,22.55,58.00,0.00 
15:21,22.53,57.83,0.00 
15:22,22.57,57.83,0.00 
15:23,22.60,57.83,0.00 
15:24,22.60,57.50,0.00 
15:25,22.63,58.00,0.00 
15:26,22.57,61.50,0.00 
15:27,22.48,63.17,0.00 
15:28,22.47,63.00,0.00 
15:29,22.52,61.33,0.00 
15:30,22.47,60.00,0.00 
15:31,22.48,59.33,0.00 
15:32,22.50,58.83,0.00 
15:33,22.52,58.67,0.00 
15:34,22.47,58.50,0.00 
15:35,22.48,58.33,0.00 
15:36,22.45,58.50,0.00 
15:37,22.42,58.33,0.00 
15:38,22.50,58.33,0.00 
15:39,22.50,58.17,0.00 
15:40,22.47,58.33,0.00 
15:41,22.50,58.50,0.00 
15:42,22.48,58.83,0.00 
15:43,22.48,58.67,0.00 
15:44,22.53,58.33,0.00 
15:45,22.52,58.33,0.00 
15:46,22.47,58.67,0.00 
15:47,22.47,58.50,0.00 
15:48,22.53,58.33,0.00 
15:49,22.48,58.00,0.00 
15:50,22.53,58.17,0.00 
15:51,22.55,57.83,0.00 
15:52,22.55,57.83,0.00 
15:53,22.53,58.17,0.00 
15:54,22.55,58.17,0.00 
15:55,22.55,58.50,0.00 
15:56,22.53,58.17,0.00 
15:57,22.48,58.17,0.00 
15:58,22.53,58.33,0.00 
15:59,22.53,58.17,0.00 
16:0,22.52,58.33,0.00 
16:1,22.50,57.83,0.00 
16:2,22.53,58.00,0.00 
16:3,22.53,58.17,0.00 
16:4,22.52,58.17,0.00 
16:5,22.48,58.00,0.00 
16:6,22.50,58.00,0.00 
16:7,22.43,58.00,0.00 
16:8,22.43,58.33,0.00 
16:9,22.38,58.00,0.00 
16:10,22.38,58.50,0.00 
16:11,22.38,58.17,0.00 
16:12,22.38,58.33,0.00 
16:13,22.43,58.00,0.00 
16:14,22.43,58.33,0.00 
16:15,22.38,58.33,0.00 
16:16,22.37,58.00,0.00 
16:17,22.40,58.00,0.00 
16:18,22.37,57.83,0.00 
16:19,22.30,57.83,0.00 
16:20,22.30,57.83,0.00 
16:21,22.27,58.00,0.00 
16:22,22.17,58.00,0.00 
16:23,22.17,58.33,0.00 
16:24,22.13,58.33,0.00 
16:25,22.18,58.17,0.00 
16:26,22.13,58.00,0.00 
16:27,22.10,58.33,0.00 
16:28,22.15,58.33,0.00 
16:29,22.15,58.50,0.00 
16:30,22.17,58.50,0.00 
16:31,22.17,58.50,0.00 
16:32,22.18,58.50,0.00 
16:33,22.20,58.50,0.00 
16:34,22.15,58.50,0.00 
16:35,22.12,58.00,0.00 
16:36,22.12,58.50,0.00 
16:37,22.10,58.67,0.00 
16:38,22.12,58.83,0.00 
16:39,22.05,58.83,0.00 
16:40,22.07,58.83,0.00 
16:41,22.05,58.83,0.00 
16:42,22.05,58.83,0.00 
16:43,22.12,58.17,0.00 
16:44,22.20,58.00,0.00 
16:45,22.20,58.00,0.00 
16:46,22.25,58.00,0.00 
16:47,22.25,57.83,0.00 
16:48,22.23,58.00,0.00 
16:49,22.23,58.00,0.00 
16:50,22.22,58.00,0.00 
16:51,22.20,57.83,0.00 
16:52,22.20,58.00,0.00 
16:53,22.23,58.00,0.00 
16:54,22.27,58.00,0.00 
16:55,22.25,58.00,0.00 
16:56,22.15,58.00,0.00 
16:57,22.15,58.17,0.00 
16:58,22.18,58.33,0.00 
16:59,22.22,58.17,0.00 
17:0,22.22,58.33,0.00 
17:1,22.17,58.33,0.00 
17:2,22.13,58.00,0.00 
17:3,22.15,58.17,0.00 
17:4,22.13,58.33,0.00 
17:5,22.12,58.00,0.00 
17:6,22.15,58.00,0.00 
17:7,22.15,58.00,0.00 
17:8,22.13,58.17,0.00 
17:9,22.17,58.00,0.00 
17:10,22.17,58.33,0.00 
17:11,22.17,58.50,0.00 
17:12,22.20,58.00,0.00 
17:13,22.15,58.00,0.00 
17:14,22.10,58.00,0.00 
17:15,22.12,58.33,0.00 
17:16,22.08,58.50,0.00 
17:17,22.15,58.33,0.00 
17:18,22.13,58.17,0.00 
17:19,22.15,57.83,0.00 
17:20,22.13,58.00,0.00 
17:21,22.13,58.17,0.00 
17:22,22.12,58.33,0.00 
17:23,22.12,58.17,0.00 
17:24,22.12,58.17,0.00 
17:25,22.13,58.17,0.00 
17:26,22.12,58.17,0.00 
17:27,22.12,58.17,0.00 
17:28,22.07,58.33,0.00 
17:29,22.02,58.17,0.00 
17:30,22.08,58.50,0.00 
17:31,22.07,58.17,0.00 
17:32,22.10,58.00,0.00 
17:33,22.12,58.00,0.00 
17:34,22.05,58.33,0.00 
17:35,22.03,58.33,0.00 
17:36,22.02,58.50,0.00 
17:37,22.00,58.67,0.00 
17:38,21.95,58.50,0.00 
17:39,22.00,58.83,0.00 
17:40,21.95,58.50,0.00 
17:41,21.93,58.33,0.00 
17:42,21.93,58.67,0.00 
17:43,21.92,58.83,0.00 
17:44,21.97,58.50,0.00 
17:45,21.92,58.50,0.00 
17:46,21.97,58.33,0.00 
17:47,21.95,58.67,0.00 
17:48,21.95,58.67,0.00 
17:49,21.92,58.50,0.00 
17:50,22.00,58.50,0.00 
17:51,22.02,58.50,0.00 
17:52,21.97,57.83,0.00 
17:53,21.98,58.17,0.00 
17:54,22.00,58.50,0.00 
17:55,22.00,58.17,0.00 
17:56,21.95,58.17,0.00 
17:57,21.98,58.17,0.00 
17:58,21.97,58.33,0.00 
17:59,21.93,58.17,0.00 
18:0,21.98,58.50,0.00 
18:1,21.90,58.67,0.00 
18:2,21.93,58.67,0.00 
18:3,21.92,58.67,0.00 
18:4,21.92,58.83,0.00 
18:5,21.93,59.00,0.00 
18:6,21.92,59.00,0.00 
18:7,21.85,58.83,0.00 
18:8,21.92,58.67,0.00 
18:9,21.92,58.83,0.00 
18:10,21.88,58.50,0.00 
18:11,21.88,59.00,0.00 
18:12,21.90,58.67,0.00 
18:13,21.90,58.67,0.00 
18:14,21.85,58.83,0.00 
18:15,21.90,58.83,0.00 
18:16,21.87,58.83,0.00 
18:17,21.85,59.00,0.00 
18:18,21.83,59.17,0.00 
18:19,21.87,59.17,0.00 
18:20,21.92,58.67,0.00 
18:21,21.93,58.83,0.00 
18:22,21.92,58.83,0.00 
18:23,21.90,58.83,0.00 
18:24,21.90,58.83,0.00 
18:25,21.90,58.83,0.00 
18:26,21.87,59.00,0.00 
18:27,21.87,58.83,0.00 
18:28,21.83,59.00,0.00 
18:29,21.83,59.00,0.00 
18:30,21.88,59.17,0.00 
18:31,21.92,58.83,0.00 
18:32,21.85,59.17,0.00 
18:33,21.90,58.83,0.00 
18:34,21.87,59.00,0.00 
18:35,21.85,59.00,0.00 
18:36,21.88,58.83,0.00 
18:37,21.83,58.50,0.00 
18:38,21.87,58.50,0.00 
18:39,21.83,58.50,0.00 
18:40,21.85,58.83,0.00 
18:41,21.78,59.00,0.00 
18:42,21.77,59.00,0.00 
18:43,21.68,59.17,0.00 
18:44,21.77,59.00,0.00 
18:45,21.73,59.17,0.00 
18:46,21.75,59.00,0.00 
18:47,21.72,58.83,0.00 
18:48,21.77,59.00,0.00 
18:49,21.75,59.17,0.00 
18:50,21.80,59.17,0.00 
18:51,21.87,59.00,0.00 
18:52,21.90,58.67,0.00 
18:53,21.97,58.67,0.00 
18:54,21.98,58.67,0.00 
18:55,21.93,58.33,0.00 
18:56,21.87,58.33,0.00 
18:57,21.85,58.50,0.00 
18:58,21.87,58.33,0.00 
18:59,21.87,58.50,0.00 
19:0,21.82,59.00,0.00 
19:1,21.82,59.00,0.00 
19:2,21.80,58.83,0.00 
19:3,21.82,59.00,0.00 
19:4,21.82,58.83,0.00 
19:5,21.88,58.83,0.00 
19:6,21.90,58.67,0.00 
19:7,21.95,59.00,0.00 
19:8,21.88,58.67,0.00 
19:9,21.83,58.67,0.00 
19:10,21.82,58.67,0.00 
19:11,21.80,58.83,0.00 
19:12,21.78,59.17,0.00 
19:13,21.82,59.00,0.00 
19:14,21.78,59.17,0.00 
19:15,21.77,59.17,0.00 
19:16,21.77,59.00,0.00 
19:17,21.80,59.17,0.00 
19:18,21.73,59.17,0.00 
19:19,21.82,59.17,0.00 
19:20,21.80,59.00,0.00 
19:21,21.85,59.00,0.00 
19:22,21.83,59.00,0.00 
19:23,21.87,58.83,0.00 
19:24,21.88,58.67,0.00 
19:25,21.83,58.50,0.00 
19:26,21.83,58.83,0.00 
19:27,21.83,58.67,0.00 
19:28,21.83,58.50,0.00 
19:29,21.77,58.67,0.00 
19:30,21.82,58.67,0.00 
19:31,21.78,59.00,0.00 
19:32,21.85,58.83,0.00 
19:33,21.78,58.50,0.00 
19:34,21.82,58.83,0.00 
19:35,21.80,58.83,0.00 
19:36,21.77,59.00,0.00 
19:37,21.78,59.33,0.00 
19:38,21.75,59.00,0.00 
19:39,21.73,58.83,0.00 
19:40,21.77,59.00,0.00 
19:41,21.72,59.00,0.00 
19:42,21.75,58.83,0.00 
19:43,21.72,58.83,0.00 
19:44,21.72,59.17,0.00 
19:45,21.68,59.17,0.00 
19:46,21.70,59.17,0.00 
19:47,21.65,59.33,0.00 
19:48,21.73,59.33,0.00 
19:49,21.72,59.17,0.00 
19:50,21.73,59.17,0.00 
19:51,21.70,59.17,0.00 
19:52,21.72,59.17,0.00 
19:53,21.70,59.33,0.00 
19:54,21.73,59.17,0.00 
19:55,21.70,59.33,0.00 
19:56,21.65,59.33,0.00 
19:57,21.63,59.50,0.00 
19:58,21.63,59.67,0.00 
19:59,21.65,59.33,0.00 
20:0,21.65,59.17,0.00 
20:1,21.67,59.00,0.00 
20:2,21.68,59.50,0.00 
20:3,21.75,59.50,0.00 
20:4,21.72,59.50,0.00 
20:5,21.73,59.50,0.00 
20:6,21.77,59.50,0.00 
20:7,21.70,59.50,0.00 
20:8,21.73,59.67,0.00 
20:9,21.67,59.50,0.00 
20:10,21.68,59.50,0.00 
20:11,21.72,59.50,0.00 
20:12,21.68,59.50,0.00 
20:13,21.72,60.00,0.00 
20:14,21.68,60.17,0.00 
20:15,21.62,60.00,0.00 
20:16,21.63,60.33,0.00 
20:17,21.60,59.83,0.00 
20:18,21.62,60.17,0.00 
20:19,21.60,60.33,0.00 
20:20,21.62,60.00,0.00 
20:21,21.65,59.67,0.00 
20:22,21.62,60.00,0.00 
20:23,21.65,59.50,0.00 
20:24,21.65,59.50,0.00 
20:25,21.68,59.67,0.00 
20:26,21.70,59.83,0.00 
20:27,21.73,59.50,0.00 
20:28,21.72,59.33,0.00 
20:29,21.75,59.33,0.00 
20:30,21.70,59.00,0.00 
20:31,21.72,59.17,0.00 
20:32,21.77,59.33,0.00 
20:33,21.82,59.17,0.00 
20:34,21.82,59.17,0.00 
20:35,21.75,59.00,0.00 
20:36,21.78,58.83,0.00 
20:37,21.80,59.00,0.00 
20:38,21.78,59.17,0.00 
20:39,21.80,59.17,0.00 
20:40,21.72,59.00,0.00 
20:41,21.72,59.17,0.00 
20:42,21.75,59.00,0.00 
20:43,21.73,59.00,0.00 
20:44,21.65,59.17,0.00 
20:45,21.57,59.50,0.00 
20:46,21.65,59.67,0.00 
20:47,21.60,59.50,0.00 
20:48,21.63,59.33,0.00 
20:49,21.60,59.00,0.00 
20:50,21.62,59.33,0.00 
20:51,21.60,58.67,0.00 
20:52,21.55,59.17,0.00 
20:53,21.58,59.17,0.00 
20:54,21.60,59.00,0.00 
20:55,21.57,58.67,0.00 
20:56,21.58,59.50,0.00 
20:57,21.55,58.83,0.00 
20:58,21.52,59.17,0.00 
20:59,21.50,59.33,0.00 
21:0,21.53,59.50,0.00 
21:1,21.52,59.33,0.00 
21:2,21.53,59.17,0.00 
21:3,21.53,59.33,0.00 
21:4,21.53,59.50,0.00 
21:5,21.57,59.33,0.00 
21:6,21.50,59.33,0.00 
21:7,21.57,59.17,0.00 
21:8,21.60,59.17,0.00 
21:9,21.62,59.17,0.00 
21:10,21.70,59.33,0.00 
21:11,21.67,59.50,0.00 
21:12,21.62,59.00,0.00 
21:13,21.68,59.00,0.00 
21:14,21.67,59.33,0.00 
21:15,21.62,59.00,0.00 
21:16,21.60,58.83,0.00 
21:17,21.60,59.00,0.00 
21:18,21.55,58.83,0.00 
21:19,21.60,59.00,0.00 
21:20,21.62,59.17,0.00 
21:21,21.58,59.33,0.00 
21:22,21.58,59.33,0.00 
21:23,21.60,59.00,0.00 
21:24,21.57,59.33,0.00 
21:25,21.52,59.00,0.00 
21:26,21.50,59.17,0.00 
21:27,21.50,59.00,0.00 
21:28,21.47,59.17,0.00 
21:29,21.52,59.17,0.00 
21:30,21.47,59.33,0.00 
21:31,21.50,59.17,0.00 
21:32,21.50,59.33,0.00 
21:33,21.48,59.50,0.00 
21:34,21.48,59.17,0.00 
21:35,21.57,59.33,0.00 
21:36,21.60,59.00,0.00 
21:37,21.60,59.00,0.00 
21:38,21.62,59.00,0.00 
21:39,21.65,59.17,0.00 
21:40,21.57,58.67,0.00 
21:41,21.58,59.17,0.00 
21:42,21.62,58.50,0.00 
21:43,21.58,58.67,0.00 
21:44,21.53,58.67,0.00 
21:45,21.43,58.83,0.00 
21:46,21.53,58.83,0.00 
21:47,21.57,58.83,0.00 
21:48,21.52,59.00,0.00 
21:49,21.53,59.17,0.00 
21:50,21.48,59.00,0.00 
21:51,21.47,58.83,0.00 
21:52,21.40,59.17,0.00 
21:53,21.42,59.33,0.00 
21:54,21.45,59.00,0.00 
21:55,21.48,59.17,0.00 
21:56,21.50,59.17,0.00 
21:57,21.50,59.17,0.00 
21:58,21.52,59.00,0.00 
21:59,21.50,59.17,0.00 
22:0,21.48,59.17,0.00 
22:1,21.48,59.17,0.00 
22:2,21.50,59.33,0.00 
22:3,21.50,58.67,0.00 
22:4,21.52,58.83,0.00 
22:5,21.52,58.67,0.00 
22:6,21.53,59.00,0.00 
22:7,21.47,59.00,0.00 
22:8,21.52,58.83,0.00 
22:9,21.57,58.83,0.00 
22:10,21.57,58.67,0.00 
22:11,21.55,58.83,0.00 
22:12,21.55,59.17,0.00 
22:13,21.45,59.00,0.00 
22:14,21.45,59.17,0.00 
22:15,21.47,59.00,0.00 
22:16,21.45,59.17,0.00 
22:17,21.45,59.00,0.00 
22:18,21.50,58.83,0.00 
22:19,21.55,59.17,0.00 
22:20,21.50,59.00,0.00 
22:21,21.55,59.00,0.00 
22:22,21.52,59.17,0.00 
22:23,21.42,59.33,0.00 
22:24,21.43,59.33,0.00 
22:25,21.40,59.50,0.00 
22:26,21.45,59.50,0.00 
22:27,21.42,59.50,0.00 
22:28,21.40,59.50,0.00 
22:29,21.43,59.50,0.00 
22:30,21.43,59.50,0.00 
22:31,21.38,59.50,0.00 
22:32,21.38,59.33,0.00 
22:33,21.37,59.33,0.00 
22:34,21.33,59.50,0.00 
22:35,21.38,59.67,0.00 
22:36,21.45,59.83,0.00 
22:37,21.45,59.83,0.00 
22:38,21.42,59.67,0.00 
22:39,21.47,59.83,0.00 
22:40,21.40,59.17,0.00 
22:41,21.42,59.33,0.00 
22:42,21.35,59.67,0.00 
22:43,21.38,59.50,0.00 
22:44,21.37,59.33,0.00 
22:45,21.37,59.33,0.00 
22:46,21.37,59.17,0.00 
22:47,21.35,59.33,0.00 
22:48,21.38,59.17,0.00 
22:49,21.37,59.17,0.00 
22:50,21.35,59.00,0.00 
22:51,21.38,59.00,0.00 
22:52,21.35,59.33,0.00 
22:53,21.37,59.33,0.00 
22:54,21.35,59.50,0.00 
22:55,21.38,59.33,0.00 
22:56,21.42,59.50,0.00 
22:57,21.35,59.33,0.00 
22:58,21.43,59.17,0.00 
22:59,21.38,59.50,0.00 
23:0,21.32,59.17,0.00 
23:1,21.35,59.67,0.00 
23:2,21.25,59.50,0.00 
23:3,21.25,59.50,0.00 
23:4,21.30,59.50,0.00 
23:5,21.22,59.50,0.00 
23:6,21.25,59.50,0.00 
23:7,21.25,59.50,0.00 
23:8,21.23,59.17,0.00 
23:9,21.27,59.33,0.00 
23:10,21.27,59.50,0.00 
23:11,21.23,59.50,0.00 
23:12,21.22,59.33,0.00 
23:13,21.20,59.33,0.00 
23:14,21.10,59.00,0.00 
23:15,21.12,59.33,0.00 
23:16,21.18,59.33,0.00 
23:17,21.17,59.17,0.00 
23:18,21.18,59.50,0.00 
23:19,21.20,59.33,0.00 
23:20,21.23,59.00,0.00 
23:21,21.22,59.00,0.00 
23:22,21.20,59.17,0.00 
23:23,21.23,59.00,0.00 
23:24,21.25,59.00,0.00 
23:25,21.32,59.33,0.00 
23:26,21.23,59.17,0.00 
23:27,21.27,59.00,0.00 
23:28,21.32,59.00,0.00 
23:29,21.25,59.00,0.00 
23:30,21.23,58.83,0.00 
23:31,21.18,59.33,0.00 
23:32,21.15,59.50,0.00 
23:33,21.17,59.50,0.00 
23:34,21.18,59.17,0.00 
23:35,21.20,59.17,0.00 
23:36,21.20,59.17,0.00 
23:37,21.27,59.33,0.00 
23:38,21.22,59.17,0.00 
23:39,21.23,59.17,0.00 
23:40,21.20,59.00,0.00 
23:41,21.18,59.17,0.00 
23:42,21.22,59.33,0.00 
23:43,21.17,59.50,0.00 
23:44,21.18,59.33,0.00 
23:45,21.23,59.50,0.00 
23:46,21.22,59.50,0.00 
23:47,21.15,59.33,0.00 
23:48,21.13,59.67,0.00 
23:49,21.12,59.67,0.00 
23:50,21.12,59.50,0.00 
23:51,21.15,59.83,0.00 
23:52,21.15,59.67,0.00 
23:53,21.08,59.50,0.00 
23:54,21.12,59.83,0.00 
23:55,21.12,59.50,0.00 
23:56,21.08,59.50,0.00 
23:57,21.10,59.67,0.00 
23:58,21.12,59.67,0.00 
23:59,21.13,59.67,0.00 
0:0,21.18,59.83,0.00 
0:1,21.18,59.83,0.00 
0:2,21.22,60.00,0.00 
0:3,21.18,59.67,0.00 
0:4,21.20,59.83,0.00 
0:5,21.17,59.67,0.00 
0:6,21.17,59.83,0.00 
0:7,21.23,59.83,0.00 
0:8,21.20,59.17,0.00 
0:9,21.22,59.33,0.00 
0:10,21.18,59.00,0.00 
0:11,21.15,59.17,0.00 
0:12,21.23,59.33,0.00 
0:13,21.20,59.17,0.00 
0:14,21.20,59.00,0.00 
0:15,21.17,59.00,0.00 
0:16,21.17,59.33,0.00 
0:17,21.18,59.50,0.00 
0:18,21.20,59.00,0.00 
0:19,21.18,59.50,0.00 
0:20,21.20,59.33,0.00 
0:21,21.22,59.33,0.00 
0:22,21.23,59.00,0.00 
0:23,21.23,59.33,0.00 
0:24,21.18,59.50,0.00 
0:25,21.20,59.50,0.00 
0:26,21.20,59.50,0.00 
0:27,21.18,59.33,0.00 
0:28,21.15,59.33,0.00 
0:29,21.22,59.67,0.00 
0:30,21.20,59.00,0.00 
0:31,21.17,59.00,0.00 
0:32,21.17,58.83,0.00 
0:33,21.12,58.67,0.00 
0:34,21.15,58.83,0.00 
0:35,21.17,59.00,0.00 
0:36,21.15,59.17,0.00 
0:37,21.13,58.83,0.00 
0:38,21.18,59.00,0.00 
0:39,21.10,59.00,0.00 
0:40,21.20,59.00,0.00 
0:41,21.25,58.83,0.00 
0:42,21.25,58.83,0.00 
0:43,21.25,59.17,0.00 
0:44,21.18,59.00,0.00 
0:45,21.15,59.50,0.00 
0:46,21.28,59.50,0.00 
0:47,21.22,59.17,0.00 
0:48,21.17,59.33,0.00 
0:49,21.13,59.67,0.00 
0:50,21.18,59.50,0.00 
0:51,21.13,59.33,0.00 
0:52,21.15,59.33,0.00 
0:53,21.05,59.50,0.00 
0:54,21.02,59.33,0.00 
0:55,21.02,59.67,0.00 
0:56,21.02,59.50,0.00 
0:57,21.02,59.50,0.00 
0:58,21.03,59.33,0.00 
0:59,21.07,59.33,0.00 
1:0,21.07,59.50,0.00 
1:1,21.05,59.33,0.00 
1:2,21.05,59.67,0.00 
1:3,21.05,59.33,0.00 
1:4,21.02,59.33,0.00 
1:5,21.03,59.17,0.00 
1:6,21.00,59.33,0.00 
1:7,21.03,59.33,0.00 
1:8,20.97,59.50,0.00 
1:9,21.02,59.50,0.00 
1:10,21.03,59.33,0.00 
1:11,20.97,59.33,0.00 
1:12,21.02,59.17,0.00 
1:13,20.97,59.17,0.00 
1:14,20.97,58.83,0.00 
1:15,20.98,59.17,0.00 
1:16,20.98,59.17,0.00 
1:17,21.00,59.50,0.00 
1:18,20.97,59.17,0.00 
1:19,20.95,59.33,0.00 
1:20,20.95,59.33,0.00 
1:21,20.95,59.17,0.00 
1:22,21.02,59.33,0.00 
1:23,21.02,59.33,0.00 
1:24,20.95,59.33,0.00 
1:25,20.93,59.33,0.00 
1:26,20.93,59.33,0.00 
1:27,20.93,59.33,0.00 
1:28,20.93,59.17,0.00 
1:29,20.90,59.33,0.00 
1:30,20.88,59.50,0.00 
1:31,20.83,59.17,0.00 
1:32,20.85,59.17,0.00 
1:33,20.83,59.50,0.00 
1:34,20.83,59.33,0.00 
1:35,20.87,59.33,0.00 
1:36,20.92,59.50,0.00 
1:37,20.88,59.50,0.00 
1:38,20.87,59.33,0.00 
1:39,20.90,59.67,0.00 
1:40,20.85,59.00,0.00 
1:41,20.83,59.33,0.00 
1:42,20.83,59.00,0.00 
1:43,20.77,59.50,0.00 
1:44,20.80,60.00,0.00 
1:45,20.80,59.83,0.00 
1:46,20.83,59.83,0.00 
1:47,20.87,59.83,0.00 
1:48,20.73,59.83,0.00 
1:49,20.78,60.33,0.00 
1:50,20.82,60.17,0.00 
1:51,20.82,60.17,0.00 
1:52,20.82,60.00,0.00 
1:53,20.77,59.50,0.00 
1:54,20.73,60.00,0.00 
1:55,20.75,60.00,0.00 
1:56,20.77,60.00,0.00 
1:57,20.73,59.83,0.00 
1:58,20.78,60.17,0.00 
1:59,20.75,59.67,0.00 
2:0,20.68,60.00,0.00 
2:1,20.72,59.67,0.00 
2:2,20.68,59.83,0.00 
2:3,20.70,59.83,0.00 
2:4,20.72,60.17,0.00 
2:5,20.68,60.00,0.00 
2:6,20.70,60.17,0.00 
2:7,20.72,60.17,0.00 
2:8,20.67,59.83,0.00 
2:9,20.65,60.00,0.00 
2:10,20.68,59.83,0.00 
2:11,20.72,59.67,0.00 
2:12,20.73,59.50,0.00 
2:13,20.70,59.83,0.00 
2:14,20.72,59.67,0.00 
2:15,20.72,59.67,0.00 
2:16,20.73,59.50,0.00 
2:17,20.75,59.33,0.00 
2:18,20.75,59.50,0.00 
2:19,20.80,59.33,0.00 
2:20,20.83,59.50,0.00 
2:21,20.85,59.17,0.00 
2:22,20.92,59.00,0.00 
2:23,20.87,59.00,0.00 
2:24,20.85,59.00,0.00 
2:25,20.83,59.00,0.00 
2:26,20.83,59.17,0.00 
2:27,20.87,59.17,0.00 
2:28,20.90,58.83,0.00 
2:29,20.88,58.67,0.00 
2:30,20.90,58.50,0.00 
2:31,20.87,58.50,0.00 
2:32,20.82,59.00,0.00 
2:33,20.80,59.17,0.00 
2:34,20.78,59.00,0.00 
2:35,20.80,59.67,0.00 
2:36,20.85,59.33,0.00 
2:37,20.82,59.00,0.00 
2:38,20.83,59.17,0.00 
2:39,20.87,59.33,0.00 
2:40,20.87,59.33,0.00 
2:41,20.83,59.17,0.00 
2:42,20.83,59.17,0.00 
2:43,20.83,59.17,0.00 
2:44,20.82,59.50,0.00 
2:45,20.80,59.00,0.00 
2:46,20.75,59.33,0.00 
2:47,20.72,59.00,0.00 
2:48,20.72,59.33,0.00 
2:49,20.67,59.33,0.00 
2:50,20.68,59.00,0.00 
2:51,20.63,59.33,0.00 
2:52,20.63,59.17,0.00 
2:53,20.65,59.17,0.00 
2:54,20.70,59.17,0.00 
2:55,20.70,59.00,0.00 
2:56,20.70,58.83,0.00 
2:57,20.78,59.17,0.00 
2:58,20.75,59.00,0.00 
2:59,20.77,59.00,0.00 
3:0,20.80,58.83,0.00 
3:1,20.80,58.67,0.00 
3:2,20.87,58.67,0.00 
3:3,20.83,58.33,0.00 
3:4,20.80,58.50,0.00 
3:5,20.77,58.50,0.00 
3:6,20.83,58.83,0.00 
3:7,20.85,58.50,0.00 
3:8,20.80,59.00,0.00 
3:9,20.80,58.50,0.00 
3:10,20.78,58.33,0.00 
3:11,20.83,58.67,0.00 
3:12,20.90,58.50,0.00 
3:13,20.90,58.50,0.00 
3:14,20.90,58.50,0.00 
3:15,21.00,58.50,0.00 
3:16,20.98,58.33,0.00 
3:17,20.93,58.50,0.00 
3:18,20.78,58.17,0.00 
3:19,20.68,58.33,0.00 
3:20,20.55,58.17,0.00 
3:21,20.32,59.33,0.00 
3:22,20.22,60.00,0.00 
3:23,20.10,60.33,0.00 
3:24,20.08,60.67,0.00 
3:25,20.03,60.83,0.00 
3:26,20.00,61.50,0.00 
3:27,20.10,61.17,0.00 
3:28,20.20,61.33,0.00 
3:29,20.12,61.50,0.00 
3:30,20.17,61.50,0.00 
3:31,20.15,61.33,0.00 
3:32,20.15,61.33,0.00 
3:33,20.17,61.33,0.00 
3:34,20.13,61.50,0.00 
3:35,20.15,61.50,0.00 
3:36,20.17,61.33,0.00 
3:37,20.17,61.17,0.00 
3:38,20.12,61.67,0.00 
3:39,20.17,61.33,0.00 
3:40,20.13,61.83,0.00 
3:41,20.17,61.33,0.00 
3:42,20.12,61.50,0.00 
3:43,20.17,61.83,0.00 
3:44,20.10,61.83,0.00 
3:45,20.13,62.00,0.00 
3:46,20.18,62.00,0.00 
3:47,20.20,61.67,0.00 
3:48,20.20,62.00,0.00 
3:49,20.28,61.83,0.00 
3:50,20.23,61.83,0.00 
3:51,20.32,61.67,0.00 
3:52,20.33,61.67,0.00 
3:53,20.50,61.50,0.00 
3:54,20.57,61.00,0.00 
3:55,20.53,61.00,0.00 
3:56,20.47,61.17,0.00 
3:57,20.55,61.17,0.00 
3:58,20.63,61.17,0.00 
3:59,20.63,60.67,0.00 
4:0,20.62,60.83,0.00 
4:1,20.68,60.83,0.00 
4:2,20.73,60.83,0.00 
4:3,20.85,60.50,0.00 
4:4,20.82,60.50,0.00 
4:5,20.80,60.00,0.00 
4:6,20.62,59.33,0.00 
4:7,20.50,59.50,0.00 
4:8,20.42,60.17,0.00 
4:9,20.35,60.67,0.00 
4:10,20.30,60.50,0.00 
4:11,20.23,60.83,0.00 
4:12,20.18,61.00,0.00 
4:13,20.27,61.67,0.00 
4:14,20.22,61.17,0.00 
4:15,20.18,61.17,0.00 
4:16,20.27,60.67,0.00 
4:17,20.25,61.00,0.00 
4:18,20.33,61.50,0.00 
4:19,20.40,61.33,0.00 
4:20,20.33,60.83,0.00 
4:21,20.33,61.00,0.00 
4:22,20.43,61.00,0.00 
4:23,20.48,60.83,0.00 
4:24,20.50,60.50,0.00 
4:25,20.48,60.50,0.00 
4:26,20.52,60.00,0.00 
4:27,20.52,60.67,0.00 
4:28,20.55,60.33,0.00 
4:29,20.47,60.33,0.00 
4:30,20.47,60.50,0.00 
4:31,20.43,60.67,0.00 
4:32,20.40,60.50,0.00 
4:33,20.30,60.67,0.00 
4:34,20.38,60.67,0.00 
4:35,20.38,60.83,0.00 
4:36,20.40,61.00,0.00 
4:37,20.40,60.83,0.00 
4:38,20.50,61.00,0.00 
4:39,20.52,60.83,0.00 
4:40,20.62,61.00,0.00 
4:41,20.62,59.83,0.00 
4:42,20.55,60.33,0.00 
4:43,20.60,60.33,0.00 
4:44,20.67,60.67,0.00 
4:45,20.73,60.33,0.00 
4:46,20.75,60.17,0.00 
4:47,20.75,59.67,0.00 
4:48,20.75,59.83,0.00 
4:49,20.70,59.83,0.00 
4:50,20.70,59.83,0.00 
4:51,20.68,60.33,0.00 
4:52,20.67,60.33,0.00 
4:53,20.65,60.00,0.00 
4:54,20.67,60.00,0.00 
4:55,20.63,60.00,0.00 
4:56,20.65,60.33,0.00 
4:57,20.57,60.17,0.00 
4:58,20.50,60.67,0.00 
4:59,20.57,60.83,0.00 
5:0,20.60,60.83,0.00 
5:1,20.63,60.67,0.00 
5:2,20.57,60.50,0.00 
5:3,20.52,60.83,0.00 
5:4,20.55,60.17,0.00 
5:5,20.52,60.67,0.00 
5:6,20.53,60.50,0.00 
5:7,20.58,60.33,0.00 
5:8,20.48,60.33,0.00 
5:9,20.52,61.00,0.00 
5:10,20.55,61.17,0.00 
5:11,20.53,61.00,0.00 
5:12,20.63,61.17,0.00 
5:13,20.68,60.83,0.00 
5:14,20.75,61.00,0.00 
5:15,20.80,60.67,0.00 
5:16,20.88,60.50,0.00 
5:17,20.83,60.33,0.00 
5:18,20.83,60.00,0.00 
5:19,20.82,60.33,0.00 
5:20,20.77,60.17,0.00 
5:21,20.78,60.33,0.00 
5:22,20.75,60.00,0.00 
5:23,20.77,60.17,0.00 
5:24,20.82,60.17,0.00 
5:25,20.80,60.50,0.00 
5:26,20.75,60.50,0.00 
5:27,20.77,60.33,0.00 
5:28,20.88,61.17,0.00 
5:29,20.92,60.50,0.00 
5:30,20.90,60.33,0.00 
5:31,20.93,59.83,0.00 
5:32,20.93,59.83,0.00 
5:33,20.92,59.83,0.00 
5:34,20.93,59.83,0.00 
5:35,20.88,60.17,0.00 
5:36,20.83,60.17,0.00 
5:37,20.83,60.00,0.00 
5:38,20.88,60.00,0.00 
5:39,20.98,59.67,0.00 
5:40,20.97,59.33,0.00 
5:41,20.87,59.50,0.00 
5:42,20.85,59.67,0.00 
5:43,20.85,59.67,0.00 
5:44,20.87,59.67,0.00 
5:45,20.82,60.17,0.00 
5:46,20.90,59.67,0.00 
5:47,20.83,60.00,0.00 
5:48,20.85,60.33,0.00 
5:49,20.95,60.33,0.00 
5:50,20.98,59.67,0.00 
5:51,21.00,60.17,0.00 
5:52,21.03,59.83,0.00 
5:53,21.12,59.67,0.00 
5:54,21.15,59.83,0.00 
5:55,21.20,59.83,0.00 
5:56,21.28,59.67,0.00 
5:57,21.25,59.00,0.00 
5:58,21.25,59.33,0.00 
5:59,21.25,59.17,0.00 
6:0,21.23,59.17,0.00 
6:1,21.22,59.00,0.00 
6:2,21.18,59.17,0.00 
6:3,21.23,59.67,0.00 
6:4,21.32,59.17,0.00 
6:5,21.22,59.00,0.00 
6:6,21.23,59.00,0.00 
6:7,21.18,59.17,0.00 
6:8,21.17,59.50,0.00 
6:9,21.12,59.50,0.00 
6:10,21.22,59.67,0.00 
6:11,21.27,59.17,0.00 
6:12,21.20,59.00,0.00 
6:13,21.13,59.00,0.00 
6:14,21.12,59.17,0.00 
6:15,21.12,59.67,0.00 
6:16,21.18,59.67,0.00 
6:17,21.23,59.50,0.00 
6:18,21.25,59.00,0.00 
6:19,21.25,59.17,0.00 
6:20,21.33,59.00,0.00 
6:21,21.33,58.83,0.00 
6:22,21.28,58.67,0.00 
6:23,21.32,58.67,0.00 
6:24,21.32,58.83,0.00 
6:25,21.33,58.83,0.00 
6:26,21.32,59.17,0.00 
6:27,21.40,58.50,0.00 
6:28,21.30,58.33,0.00 
6:29,21.23,58.67,0.00 
6:30,21.23,59.17,0.00 
6:31,21.22,59.33,0.00 
6:32,21.27,59.33,0.00 
6:33,21.27,59.00,0.00 
6:34,21.27,59.17,0.00 
6:35,21.35,59.17,0.00 
6:36,21.37,58.83,0.00 
6:37,21.33,58.67,0.00 
6:38,21.30,58.67,0.00 
6:39,21.32,58.83,0.00 
6:40,21.28,58.67,0.00 
6:41,21.33,58.83,0.00 
6:42,21.35,58.67,0.00 
6:43,21.33,58.67,0.00 
6:44,21.33,58.67,0.00 
6:45,21.33,58.67,0.00 
6:46,21.47,58.67,0.00 
6:47,21.40,58.83,0.00 
6:48,21.38,59.00,0.00 
6:49,21.43,58.67,0.00 
6:50,21.40,58.67,0.00 
6:51,21.40,58.50,0.00 
6:52,21.37,58.67,0.00 
6:53,21.38,58.67,0.00 
6:54,21.40,58.67,0.00 
6:55,21.45,58.50,0.00 
6:56,21.43,58.50,0.00 
6:57,21.53,58.83,0.00 
